{
  "ensemble.best_rated_accuracy": {
    "steps": [
      20,
      40,
      60,
      80,
      100,
      120,
      140,
      160,
      180,
      200,
      220,
      240,
      260,
      280,
      300,
      320,
      340,
      360,
      380,
      400,
      420,
      440,
      460,
      480,
      500,
      520,
      540,
      560,
      580,
      600,
      620,
      640,
      660,
      680,
      700,
      720,
      740,
      760,
      780,
      800,
      820,
      840,
      860,
      880,
      900,
      920,
      940,
      960,
      980,
      1000
    ],
    "timestamps": [
      "2024-10-11T23:34:56.228023",
      "2024-10-11T23:34:56.232378",
      "2024-10-11T23:34:56.236117",
      "2024-10-11T23:34:56.239695",
      "2024-10-11T23:34:56.243340",
      "2024-10-11T23:34:56.247251",
      "2024-10-11T23:34:56.250896",
      "2024-10-11T23:34:56.254584",
      "2024-10-11T23:34:56.258045",
      "2024-10-11T23:34:56.261447",
      "2024-10-11T23:34:56.264917",
      "2024-10-11T23:34:56.268823",
      "2024-10-11T23:34:56.272157",
      "2024-10-11T23:34:56.275466",
      "2024-10-11T23:34:56.278860",
      "2024-10-11T23:34:56.282430",
      "2024-10-11T23:34:56.285787",
      "2024-10-11T23:34:56.289098",
      "2024-10-11T23:34:56.292429",
      "2024-10-11T23:34:56.295966",
      "2024-10-11T23:34:56.299519",
      "2024-10-11T23:34:56.303347",
      "2024-10-11T23:34:56.307104",
      "2024-10-11T23:34:56.310750",
      "2024-10-11T23:34:56.314744",
      "2024-10-11T23:34:56.318501",
      "2024-10-11T23:34:56.322030",
      "2024-10-11T23:34:56.325582",
      "2024-10-11T23:34:56.329236",
      "2024-10-11T23:34:56.333202",
      "2024-10-11T23:34:56.337061",
      "2024-10-11T23:34:56.341217",
      "2024-10-11T23:34:56.344647",
      "2024-10-11T23:34:56.347990",
      "2024-10-11T23:34:56.351342",
      "2024-10-11T23:34:56.354634",
      "2024-10-11T23:34:56.357974",
      "2024-10-11T23:34:56.361323",
      "2024-10-11T23:34:56.364906",
      "2024-10-11T23:34:56.368604",
      "2024-10-11T23:34:56.372293",
      "2024-10-11T23:34:56.376053",
      "2024-10-11T23:34:56.379333",
      "2024-10-11T23:34:56.382647",
      "2024-10-11T23:34:56.385940",
      "2024-10-11T23:34:56.389645",
      "2024-10-11T23:34:56.393105",
      "2024-10-11T23:34:56.396682",
      "2024-10-11T23:34:56.400022",
      "2024-10-11T23:34:56.403359"
    ],
    "values": [
      0.74,
      0.74,
      0.74,
      0.74,
      0.74,
      0.74,
      0.74,
      0.74,
      0.74,
      0.74,
      0.74,
      0.74,
      0.74,
      0.74,
      0.74,
      0.74,
      0.74,
      0.74,
      0.74,
      0.74,
      0.74,
      0.74,
      0.74,
      0.74,
      0.74,
      0.74,
      0.74,
      0.74,
      0.74,
      0.74,
      0.74,
      0.74,
      0.74,
      0.74,
      0.74,
      0.74,
      0.74,
      0.74,
      0.74,
      0.74,
      0.74,
      0.74,
      0.74,
      0.74,
      0.74,
      0.74,
      0.74,
      0.74,
      0.74,
      0.74
    ]
  },
  "ensemble.majority_accuracy": {
    "steps": [
      20,
      40,
      60,
      80,
      100,
      120,
      140,
      160,
      180,
      200,
      220,
      240,
      260,
      280,
      300,
      320,
      340,
      360,
      380,
      400,
      420,
      440,
      460,
      480,
      500,
      520,
      540,
      560,
      580,
      600,
      620,
      640,
      660,
      680,
      700,
      720,
      740,
      760,
      780,
      800,
      820,
      840,
      860,
      880,
      900,
      920,
      940,
      960,
      980,
      1000
    ],
    "timestamps": [
      "2024-10-11T23:34:56.228025",
      "2024-10-11T23:34:56.232380",
      "2024-10-11T23:34:56.236119",
      "2024-10-11T23:34:56.239697",
      "2024-10-11T23:34:56.243342",
      "2024-10-11T23:34:56.247253",
      "2024-10-11T23:34:56.250898",
      "2024-10-11T23:34:56.254586",
      "2024-10-11T23:34:56.258047",
      "2024-10-11T23:34:56.261448",
      "2024-10-11T23:34:56.264919",
      "2024-10-11T23:34:56.268825",
      "2024-10-11T23:34:56.272159",
      "2024-10-11T23:34:56.275468",
      "2024-10-11T23:34:56.278862",
      "2024-10-11T23:34:56.282432",
      "2024-10-11T23:34:56.285788",
      "2024-10-11T23:34:56.289100",
      "2024-10-11T23:34:56.292431",
      "2024-10-11T23:34:56.295968",
      "2024-10-11T23:34:56.299521",
      "2024-10-11T23:34:56.303348",
      "2024-10-11T23:34:56.307106",
      "2024-10-11T23:34:56.310752",
      "2024-10-11T23:34:56.314746",
      "2024-10-11T23:34:56.318503",
      "2024-10-11T23:34:56.322032",
      "2024-10-11T23:34:56.325584",
      "2024-10-11T23:34:56.329238",
      "2024-10-11T23:34:56.333203",
      "2024-10-11T23:34:56.337062",
      "2024-10-11T23:34:56.341220",
      "2024-10-11T23:34:56.344648",
      "2024-10-11T23:34:56.347991",
      "2024-10-11T23:34:56.351343",
      "2024-10-11T23:34:56.354635",
      "2024-10-11T23:34:56.357976",
      "2024-10-11T23:34:56.361324",
      "2024-10-11T23:34:56.364908",
      "2024-10-11T23:34:56.368606",
      "2024-10-11T23:34:56.372295",
      "2024-10-11T23:34:56.376055",
      "2024-10-11T23:34:56.379335",
      "2024-10-11T23:34:56.382649",
      "2024-10-11T23:34:56.385941",
      "2024-10-11T23:34:56.389647",
      "2024-10-11T23:34:56.393106",
      "2024-10-11T23:34:56.396683",
      "2024-10-11T23:34:56.400024",
      "2024-10-11T23:34:56.403360"
    ],
    "values": [
      0.76,
      0.72,
      0.72,
      0.72,
      0.72,
      0.72,
      0.72,
      0.72,
      0.72,
      0.72,
      0.72,
      0.72,
      0.72,
      0.72,
      0.72,
      0.72,
      0.72,
      0.72,
      0.72,
      0.72,
      0.72,
      0.72,
      0.72,
      0.72,
      0.74,
      0.72,
      0.72,
      0.72,
      0.72,
      0.74,
      0.72,
      0.72,
      0.72,
      0.72,
      0.72,
      0.72,
      0.72,
      0.72,
      0.72,
      0.72,
      0.72,
      0.72,
      0.72,
      0.72,
      0.72,
      0.72,
      0.72,
      0.72,
      0.72,
      0.72
    ]
  },
  "learner0.games_lost": {
    "steps": [
      0,
      1,
      4,
      5,
      11,
      12,
      14,
      15,
      18,
      19,
      20,
      21,
      22,
      23,
      24,
      25,
      26,
      27,
      28,
      29,
      30,
      31,
      32,
      33,
      34,
      35,
      36,
      37,
      38,
      39,
      40,
      41,
      42,
      43,
      44,
      45,
      46,
      47,
      48,
      49,
      50,
      51,
      52,
      53,
      54,
      55,
      56,
      57,
      58,
      59,
      60,
      61,
      62,
      63,
      64,
      65,
      66,
      67,
      68,
      69,
      70,
      71,
      72,
      73,
      74,
      75,
      76,
      77,
      78,
      79,
      80,
      81,
      82,
      83,
      84,
      85,
      86,
      87,
      88,
      89,
      90,
      91,
      92,
      93,
      94,
      95,
      96,
      97,
      98,
      99,
      100,
      101,
      102,
      103,
      104,
      105,
      106,
      107,
      108,
      109,
      110,
      111,
      112,
      113,
      114,
      115,
      116,
      117,
      118,
      119,
      120,
      121,
      122,
      123,
      124,
      125,
      126,
      127,
      128,
      129,
      130,
      131,
      132,
      133,
      134,
      135,
      136,
      137,
      138,
      139,
      140,
      141,
      142,
      143,
      144,
      145,
      146,
      147,
      148,
      149,
      150,
      151,
      152,
      153,
      154,
      155,
      156,
      157,
      158,
      159,
      160,
      161,
      162,
      163,
      164,
      165,
      166,
      167,
      168,
      169,
      170,
      171,
      172,
      173,
      174,
      175,
      176,
      177,
      178,
      179,
      180,
      181,
      182,
      183,
      184,
      185,
      186,
      187,
      188,
      189,
      190,
      191,
      192,
      193,
      194,
      195,
      196,
      197,
      198,
      199,
      200,
      201,
      202,
      203,
      204,
      205,
      206,
      207,
      208,
      209,
      210,
      211,
      212,
      213,
      214,
      215,
      216,
      217,
      218,
      219,
      220,
      221,
      222,
      223,
      224,
      225,
      226,
      227,
      228,
      229,
      230,
      231,
      232,
      233,
      234,
      235,
      236,
      237,
      238,
      239,
      240,
      241,
      242,
      243,
      244,
      245,
      246,
      247,
      248,
      249,
      250,
      251,
      252,
      253,
      254,
      255,
      256,
      257,
      258,
      259,
      260,
      261,
      262,
      263,
      264,
      265,
      266,
      267,
      268,
      269,
      270,
      271,
      272,
      273,
      274,
      275,
      276,
      277,
      278,
      279,
      280,
      281,
      282,
      283,
      284,
      285,
      286,
      287,
      288,
      289,
      290,
      291,
      292,
      293,
      294,
      295,
      296,
      297,
      298,
      299,
      300,
      301,
      302,
      303,
      304,
      305,
      306,
      307,
      308,
      309,
      310,
      311,
      312,
      313,
      314,
      315,
      316,
      317,
      318,
      319,
      320,
      321,
      322,
      323,
      324,
      325,
      326,
      327,
      328,
      329,
      330,
      331,
      332,
      333,
      334,
      335,
      336,
      337,
      338,
      339,
      340,
      341,
      342,
      343,
      344,
      345,
      346,
      347,
      348,
      349,
      350,
      351,
      352,
      353,
      354,
      355,
      356,
      357,
      358,
      359,
      360,
      361,
      362,
      363,
      364,
      365,
      366,
      367,
      368,
      369,
      370,
      371,
      372,
      373,
      374,
      375,
      376,
      377,
      378,
      379,
      380,
      381,
      382,
      383,
      384,
      385,
      386,
      387,
      388,
      389,
      390,
      391,
      392,
      393,
      394,
      395,
      396,
      397,
      398,
      399,
      400,
      401,
      402,
      403,
      404,
      405,
      406,
      407,
      408,
      409,
      410,
      411,
      412,
      413,
      414,
      415,
      416,
      417,
      418,
      419,
      420,
      421,
      422,
      423,
      424,
      425,
      426,
      427,
      428,
      429,
      430,
      431,
      432,
      433,
      434,
      435,
      436,
      437,
      438,
      439,
      440,
      441,
      442,
      443,
      444,
      445,
      446,
      447,
      448,
      449,
      450,
      451,
      452,
      453,
      454,
      455,
      456,
      457,
      458,
      459,
      460,
      461,
      462,
      463,
      464,
      465,
      466,
      467,
      468,
      469,
      470,
      471,
      472,
      473,
      474,
      475,
      476,
      477,
      478,
      479,
      480,
      481,
      482,
      483,
      484,
      485,
      486,
      487,
      488,
      489,
      490,
      491,
      492,
      493,
      494,
      495,
      496,
      497,
      498,
      499,
      500,
      501,
      502,
      503,
      504,
      505,
      506,
      507,
      508,
      509,
      510,
      511,
      512,
      513,
      514,
      515,
      516,
      517,
      518,
      519,
      520,
      521,
      522,
      523,
      524,
      525,
      526,
      527,
      528,
      529,
      530,
      531,
      532,
      533,
      534,
      535,
      536,
      537,
      538,
      539,
      540,
      541,
      542,
      543,
      544,
      545,
      546,
      547,
      548,
      549,
      550,
      551,
      552,
      553,
      554,
      555,
      556,
      557,
      558,
      559,
      560,
      561,
      562,
      563,
      564,
      565,
      566,
      567,
      568,
      569,
      570,
      571,
      572,
      573,
      574,
      575,
      576,
      577,
      578,
      579,
      580,
      581,
      582,
      583,
      584,
      585,
      586,
      587,
      588,
      589,
      590,
      591,
      592,
      593,
      594,
      595,
      596,
      597,
      598,
      599,
      600,
      601,
      602,
      603,
      604,
      605,
      606,
      607,
      608,
      609,
      610,
      611,
      612,
      613,
      614,
      615,
      616,
      617,
      618,
      619,
      620,
      621,
      622,
      623,
      624,
      625,
      626,
      627,
      628,
      629,
      630,
      631,
      632,
      633,
      634,
      635,
      636,
      637,
      638,
      639,
      640,
      641,
      642,
      643,
      644,
      645,
      646,
      647,
      648,
      649,
      650,
      651,
      652,
      653,
      654,
      655,
      656,
      657,
      658,
      659,
      660,
      661,
      662,
      663,
      664,
      665,
      666,
      667,
      668,
      669,
      670,
      671,
      672,
      673,
      674,
      675,
      676,
      677,
      678,
      679,
      680,
      681,
      682,
      683,
      684,
      685,
      686,
      687,
      688,
      689,
      690,
      691,
      692,
      693,
      694,
      695,
      696,
      697,
      698,
      699,
      700,
      701,
      702,
      703,
      704,
      705,
      706,
      707,
      708,
      709,
      710,
      711,
      712,
      713,
      714,
      715,
      716,
      717,
      718,
      719,
      720,
      721,
      722,
      723,
      724,
      725,
      726,
      727,
      728,
      729,
      730,
      731,
      732,
      733,
      734,
      735,
      736,
      737,
      738,
      739,
      740,
      741,
      742,
      743,
      744,
      745,
      746,
      747,
      748,
      749,
      750,
      751,
      752,
      753,
      754,
      755,
      756,
      757,
      758,
      759,
      760,
      761,
      762,
      763,
      764,
      765,
      766,
      767,
      768,
      769,
      770,
      771,
      772,
      773,
      774,
      775,
      776,
      777,
      778,
      779,
      780,
      781,
      782,
      783,
      784,
      785,
      786,
      787,
      788,
      789,
      790,
      791,
      792,
      793,
      794,
      795,
      796,
      797,
      798,
      799,
      800,
      801,
      802,
      803,
      804,
      805,
      806,
      807,
      808,
      809,
      810,
      811,
      812,
      813,
      814,
      815,
      816,
      817,
      818,
      819,
      820,
      821,
      822,
      823,
      824,
      825,
      826,
      827,
      828,
      829,
      830,
      831,
      832,
      833,
      834,
      835,
      836,
      837,
      838,
      839,
      840,
      841,
      842,
      843,
      844,
      845,
      846,
      847,
      848,
      849,
      850,
      851,
      852,
      853,
      854,
      855,
      856,
      857,
      858,
      859,
      860,
      861,
      862,
      863,
      864,
      865,
      866,
      867,
      868,
      869,
      870,
      871,
      872,
      873,
      874,
      875,
      876,
      877,
      878,
      879,
      880,
      881,
      882,
      883,
      884,
      885,
      886,
      887,
      888,
      889,
      890,
      891,
      892,
      893,
      894,
      895,
      896,
      897,
      898,
      899,
      900,
      901,
      902,
      903,
      904,
      905,
      906,
      907,
      908,
      909,
      910,
      911,
      912,
      913,
      914,
      915,
      916,
      917,
      918,
      919,
      920,
      921,
      922,
      923,
      924,
      925,
      926,
      927,
      928,
      929,
      930,
      931,
      932,
      933,
      934,
      935,
      936,
      937,
      938,
      939,
      940,
      941,
      942,
      943,
      944,
      945,
      946,
      947,
      948,
      949,
      950,
      951,
      952,
      953,
      954,
      955,
      956,
      957,
      958,
      959,
      960,
      961,
      962,
      963,
      964,
      965,
      966,
      967,
      968,
      969,
      970,
      971,
      972,
      973,
      974,
      975,
      976,
      977,
      978,
      979,
      980,
      981,
      982,
      983,
      984,
      985,
      986,
      987,
      988,
      989,
      990,
      991,
      992,
      993,
      994,
      995,
      996,
      997,
      998,
      999
    ],
    "timestamps": [
      "2024-10-11T23:34:56.224027",
      "2024-10-11T23:34:56.224627",
      "2024-10-11T23:34:56.224951",
      "2024-10-11T23:34:56.225114",
      "2024-10-11T23:34:56.225334",
      "2024-10-11T23:34:56.225506",
      "2024-10-11T23:34:56.225714",
      "2024-10-11T23:34:56.225850",
      "2024-10-11T23:34:56.225973",
      "2024-10-11T23:34:56.226172",
      "2024-10-11T23:34:56.228134",
      "2024-10-11T23:34:56.228238",
      "2024-10-11T23:34:56.228363",
      "2024-10-11T23:34:56.228558",
      "2024-10-11T23:34:56.228599",
      "2024-10-11T23:34:56.228790",
      "2024-10-11T23:34:56.228815",
      "2024-10-11T23:34:56.229030",
      "2024-10-11T23:34:56.229134",
      "2024-10-11T23:34:56.229238",
      "2024-10-11T23:34:56.229434",
      "2024-10-11T23:34:56.229569",
      "2024-10-11T23:34:56.229630",
      "2024-10-11T23:34:56.229769",
      "2024-10-11T23:34:56.229913",
      "2024-10-11T23:34:56.230057",
      "2024-10-11T23:34:56.230118",
      "2024-10-11T23:34:56.230509",
      "2024-10-11T23:34:56.230613",
      "2024-10-11T23:34:56.230782",
      "2024-10-11T23:34:56.232402",
      "2024-10-11T23:34:56.232516",
      "2024-10-11T23:34:56.232636",
      "2024-10-11T23:34:56.232765",
      "2024-10-11T23:34:56.232880",
      "2024-10-11T23:34:56.233033",
      "2024-10-11T23:34:56.233094",
      "2024-10-11T23:34:56.233209",
      "2024-10-11T23:34:56.233335",
      "2024-10-11T23:34:56.233451",
      "2024-10-11T23:34:56.233650",
      "2024-10-11T23:34:56.233725",
      "2024-10-11T23:34:56.233857",
      "2024-10-11T23:34:56.233935",
      "2024-10-11T23:34:56.234103",
      "2024-10-11T23:34:56.234212",
      "2024-10-11T23:34:56.234321",
      "2024-10-11T23:34:56.234508",
      "2024-10-11T23:34:56.234620",
      "2024-10-11T23:34:56.234734",
      "2024-10-11T23:34:56.236211",
      "2024-10-11T23:34:56.236296",
      "2024-10-11T23:34:56.236372",
      "2024-10-11T23:34:56.236493",
      "2024-10-11T23:34:56.236617",
      "2024-10-11T23:34:56.236757",
      "2024-10-11T23:34:56.236800",
      "2024-10-11T23:34:56.236933",
      "2024-10-11T23:34:56.237057",
      "2024-10-11T23:34:56.237225",
      "2024-10-11T23:34:56.237331",
      "2024-10-11T23:34:56.237382",
      "2024-10-11T23:34:56.237572",
      "2024-10-11T23:34:56.237677",
      "2024-10-11T23:34:56.237715",
      "2024-10-11T23:34:56.237818",
      "2024-10-11T23:34:56.237958",
      "2024-10-11T23:34:56.238028",
      "2024-10-11T23:34:56.238210",
      "2024-10-11T23:34:56.238245",
      "2024-10-11T23:34:56.239775",
      "2024-10-11T23:34:56.239904",
      "2024-10-11T23:34:56.239941",
      "2024-10-11T23:34:56.240128",
      "2024-10-11T23:34:56.240162",
      "2024-10-11T23:34:56.240270",
      "2024-10-11T23:34:56.240435",
      "2024-10-11T23:34:56.240588",
      "2024-10-11T23:34:56.240716",
      "2024-10-11T23:34:56.240751",
      "2024-10-11T23:34:56.240883",
      "2024-10-11T23:34:56.240990",
      "2024-10-11T23:34:56.241127",
      "2024-10-11T23:34:56.241257",
      "2024-10-11T23:34:56.241376",
      "2024-10-11T23:34:56.241429",
      "2024-10-11T23:34:56.241535",
      "2024-10-11T23:34:56.241693",
      "2024-10-11T23:34:56.241825",
      "2024-10-11T23:34:56.241952",
      "2024-10-11T23:34:56.243394",
      "2024-10-11T23:34:56.243531",
      "2024-10-11T23:34:56.243705",
      "2024-10-11T23:34:56.243781",
      "2024-10-11T23:34:56.243861",
      "2024-10-11T23:34:56.244046",
      "2024-10-11T23:34:56.244171",
      "2024-10-11T23:34:56.244226",
      "2024-10-11T23:34:56.244356",
      "2024-10-11T23:34:56.244414",
      "2024-10-11T23:34:56.244517",
      "2024-10-11T23:34:56.244703",
      "2024-10-11T23:34:56.244835",
      "2024-10-11T23:34:56.244931",
      "2024-10-11T23:34:56.245069",
      "2024-10-11T23:34:56.245178",
      "2024-10-11T23:34:56.245329",
      "2024-10-11T23:34:56.245442",
      "2024-10-11T23:34:56.245576",
      "2024-10-11T23:34:56.245706",
      "2024-10-11T23:34:56.247346",
      "2024-10-11T23:34:56.247436",
      "2024-10-11T23:34:56.247578",
      "2024-10-11T23:34:56.247674",
      "2024-10-11T23:34:56.247788",
      "2024-10-11T23:34:56.247888",
      "2024-10-11T23:34:56.247958",
      "2024-10-11T23:34:56.248084",
      "2024-10-11T23:34:56.248213",
      "2024-10-11T23:34:56.248357",
      "2024-10-11T23:34:56.248446",
      "2024-10-11T23:34:56.248506",
      "2024-10-11T23:34:56.248640",
      "2024-10-11T23:34:56.248840",
      "2024-10-11T23:34:56.248914",
      "2024-10-11T23:34:56.249046",
      "2024-10-11T23:34:56.249197",
      "2024-10-11T23:34:56.249282",
      "2024-10-11T23:34:56.249435",
      "2024-10-11T23:34:56.249541",
      "2024-10-11T23:34:56.250963",
      "2024-10-11T23:34:56.251037",
      "2024-10-11T23:34:56.251195",
      "2024-10-11T23:34:56.251329",
      "2024-10-11T23:34:56.251421",
      "2024-10-11T23:34:56.251554",
      "2024-10-11T23:34:56.251692",
      "2024-10-11T23:34:56.251821",
      "2024-10-11T23:34:56.251927",
      "2024-10-11T23:34:56.251974",
      "2024-10-11T23:34:56.252152",
      "2024-10-11T23:34:56.252372",
      "2024-10-11T23:34:56.252398",
      "2024-10-11T23:34:56.252506",
      "2024-10-11T23:34:56.252682",
      "2024-10-11T23:34:56.252734",
      "2024-10-11T23:34:56.252860",
      "2024-10-11T23:34:56.252936",
      "2024-10-11T23:34:56.253090",
      "2024-10-11T23:34:56.253183",
      "2024-10-11T23:34:56.254693",
      "2024-10-11T23:34:56.254767",
      "2024-10-11T23:34:56.254908",
      "2024-10-11T23:34:56.254982",
      "2024-10-11T23:34:56.255103",
      "2024-10-11T23:34:56.255162",
      "2024-10-11T23:34:56.255352",
      "2024-10-11T23:34:56.255392",
      "2024-10-11T23:34:56.255616",
      "2024-10-11T23:34:56.255729",
      "2024-10-11T23:34:56.255799",
      "2024-10-11T23:34:56.255979",
      "2024-10-11T23:34:56.256081",
      "2024-10-11T23:34:56.256129",
      "2024-10-11T23:34:56.256301",
      "2024-10-11T23:34:56.256390",
      "2024-10-11T23:34:56.256473",
      "2024-10-11T23:34:56.256616",
      "2024-10-11T23:34:56.256704",
      "2024-10-11T23:34:56.256771",
      "2024-10-11T23:34:56.258114",
      "2024-10-11T23:34:56.258258",
      "2024-10-11T23:34:56.258368",
      "2024-10-11T23:34:56.258389",
      "2024-10-11T23:34:56.258549",
      "2024-10-11T23:34:56.258713",
      "2024-10-11T23:34:56.258750",
      "2024-10-11T23:34:56.258851",
      "2024-10-11T23:34:56.258975",
      "2024-10-11T23:34:56.259075",
      "2024-10-11T23:34:56.259193",
      "2024-10-11T23:34:56.259250",
      "2024-10-11T23:34:56.259444",
      "2024-10-11T23:34:56.259514",
      "2024-10-11T23:34:56.259611",
      "2024-10-11T23:34:56.259762",
      "2024-10-11T23:34:56.259801",
      "2024-10-11T23:34:56.259916",
      "2024-10-11T23:34:56.260057",
      "2024-10-11T23:34:56.260147",
      "2024-10-11T23:34:56.261551",
      "2024-10-11T23:34:56.261654",
      "2024-10-11T23:34:56.261744",
      "2024-10-11T23:34:56.261815",
      "2024-10-11T23:34:56.261913",
      "2024-10-11T23:34:56.262077",
      "2024-10-11T23:34:56.262098",
      "2024-10-11T23:34:56.262247",
      "2024-10-11T23:34:56.262384",
      "2024-10-11T23:34:56.262497",
      "2024-10-11T23:34:56.262535",
      "2024-10-11T23:34:56.262653",
      "2024-10-11T23:34:56.262742",
      "2024-10-11T23:34:56.262925",
      "2024-10-11T23:34:56.263029",
      "2024-10-11T23:34:56.263132",
      "2024-10-11T23:34:56.263276",
      "2024-10-11T23:34:56.263314",
      "2024-10-11T23:34:56.263412",
      "2024-10-11T23:34:56.263548",
      "2024-10-11T23:34:56.264988",
      "2024-10-11T23:34:56.265097",
      "2024-10-11T23:34:56.265202",
      "2024-10-11T23:34:56.265276",
      "2024-10-11T23:34:56.265373",
      "2024-10-11T23:34:56.265544",
      "2024-10-11T23:34:56.265643",
      "2024-10-11T23:34:56.265731",
      "2024-10-11T23:34:56.265843",
      "2024-10-11T23:34:56.265972",
      "2024-10-11T23:34:56.266180",
      "2024-10-11T23:34:56.266296",
      "2024-10-11T23:34:56.266373",
      "2024-10-11T23:34:56.266940",
      "2024-10-11T23:34:56.266990",
      "2024-10-11T23:34:56.267144",
      "2024-10-11T23:34:56.267197",
      "2024-10-11T23:34:56.267347",
      "2024-10-11T23:34:56.267488",
      "2024-10-11T23:34:56.267578",
      "2024-10-11T23:34:56.268878",
      "2024-10-11T23:34:56.268957",
      "2024-10-11T23:34:56.269067",
      "2024-10-11T23:34:56.269156",
      "2024-10-11T23:34:56.269270",
      "2024-10-11T23:34:56.269428",
      "2024-10-11T23:34:56.269497",
      "2024-10-11T23:34:56.269616",
      "2024-10-11T23:34:56.269703",
      "2024-10-11T23:34:56.269860",
      "2024-10-11T23:34:56.269963",
      "2024-10-11T23:34:56.270078",
      "2024-10-11T23:34:56.270174",
      "2024-10-11T23:34:56.270291",
      "2024-10-11T23:34:56.270393",
      "2024-10-11T23:34:56.270414",
      "2024-10-11T23:34:56.270517",
      "2024-10-11T23:34:56.270669",
      "2024-10-11T23:34:56.270759",
      "2024-10-11T23:34:56.270897",
      "2024-10-11T23:34:56.272189",
      "2024-10-11T23:34:56.272348",
      "2024-10-11T23:34:56.272474",
      "2024-10-11T23:34:56.272576",
      "2024-10-11T23:34:56.272610",
      "2024-10-11T23:34:56.272710",
      "2024-10-11T23:34:56.272857",
      "2024-10-11T23:34:56.272927",
      "2024-10-11T23:34:56.273077",
      "2024-10-11T23:34:56.273144",
      "2024-10-11T23:34:56.273281",
      "2024-10-11T23:34:56.273386",
      "2024-10-11T23:34:56.273483",
      "2024-10-11T23:34:56.273606",
      "2024-10-11T23:34:56.273734",
      "2024-10-11T23:34:56.273804",
      "2024-10-11T23:34:56.273906",
      "2024-10-11T23:34:56.274048",
      "2024-10-11T23:34:56.274130",
      "2024-10-11T23:34:56.274251",
      "2024-10-11T23:34:56.275567",
      "2024-10-11T23:34:56.275601",
      "2024-10-11T23:34:56.275759",
      "2024-10-11T23:34:56.275904",
      "2024-10-11T23:34:56.275963",
      "2024-10-11T23:34:56.276116",
      "2024-10-11T23:34:56.276202",
      "2024-10-11T23:34:56.276356",
      "2024-10-11T23:34:56.276423",
      "2024-10-11T23:34:56.276564",
      "2024-10-11T23:34:56.276585",
      "2024-10-11T23:34:56.276701",
      "2024-10-11T23:34:56.276795",
      "2024-10-11T23:34:56.276934",
      "2024-10-11T23:34:56.277062",
      "2024-10-11T23:34:56.277116",
      "2024-10-11T23:34:56.277222",
      "2024-10-11T23:34:56.277393",
      "2024-10-11T23:34:56.277499",
      "2024-10-11T23:34:56.277601",
      "2024-10-11T23:34:56.278966",
      "2024-10-11T23:34:56.279064",
      "2024-10-11T23:34:56.279170",
      "2024-10-11T23:34:56.279287",
      "2024-10-11T23:34:56.279334",
      "2024-10-11T23:34:56.279516",
      "2024-10-11T23:34:56.279564",
      "2024-10-11T23:34:56.279719",
      "2024-10-11T23:34:56.279799",
      "2024-10-11T23:34:56.279909",
      "2024-10-11T23:34:56.280050",
      "2024-10-11T23:34:56.280145",
      "2024-10-11T23:34:56.280240",
      "2024-10-11T23:34:56.280372",
      "2024-10-11T23:34:56.280577",
      "2024-10-11T23:34:56.280686",
      "2024-10-11T23:34:56.280734",
      "2024-10-11T23:34:56.280872",
      "2024-10-11T23:34:56.280939",
      "2024-10-11T23:34:56.281127",
      "2024-10-11T23:34:56.282491",
      "2024-10-11T23:34:56.282601",
      "2024-10-11T23:34:56.282720",
      "2024-10-11T23:34:56.282840",
      "2024-10-11T23:34:56.282957",
      "2024-10-11T23:34:56.282995",
      "2024-10-11T23:34:56.283084",
      "2024-10-11T23:34:56.283197",
      "2024-10-11T23:34:56.283366",
      "2024-10-11T23:34:56.283468",
      "2024-10-11T23:34:56.283550",
      "2024-10-11T23:34:56.283707",
      "2024-10-11T23:34:56.283743",
      "2024-10-11T23:34:56.283906",
      "2024-10-11T23:34:56.284021",
      "2024-10-11T23:34:56.284069",
      "2024-10-11T23:34:56.284211",
      "2024-10-11T23:34:56.284348",
      "2024-10-11T23:34:56.284429",
      "2024-10-11T23:34:56.284486",
      "2024-10-11T23:34:56.285875",
      "2024-10-11T23:34:56.285976",
      "2024-10-11T23:34:56.286045",
      "2024-10-11T23:34:56.286179",
      "2024-10-11T23:34:56.286227",
      "2024-10-11T23:34:56.286315",
      "2024-10-11T23:34:56.286417",
      "2024-10-11T23:34:56.286574",
      "2024-10-11T23:34:56.286682",
      "2024-10-11T23:34:56.286751",
      "2024-10-11T23:34:56.286926",
      "2024-10-11T23:34:56.287006",
      "2024-10-11T23:34:56.287147",
      "2024-10-11T23:34:56.287183",
      "2024-10-11T23:34:56.287340",
      "2024-10-11T23:34:56.287374",
      "2024-10-11T23:34:56.287543",
      "2024-10-11T23:34:56.287591",
      "2024-10-11T23:34:56.287715",
      "2024-10-11T23:34:56.287796",
      "2024-10-11T23:34:56.289117",
      "2024-10-11T23:34:56.289302",
      "2024-10-11T23:34:56.289331",
      "2024-10-11T23:34:56.289522",
      "2024-10-11T23:34:56.289626",
      "2024-10-11T23:34:56.289728",
      "2024-10-11T23:34:56.289816",
      "2024-10-11T23:34:56.289957",
      "2024-10-11T23:34:56.290047",
      "2024-10-11T23:34:56.290081",
      "2024-10-11T23:34:56.290265",
      "2024-10-11T23:34:56.290285",
      "2024-10-11T23:34:56.290407",
      "2024-10-11T23:34:56.290569",
      "2024-10-11T23:34:56.290672",
      "2024-10-11T23:34:56.290708",
      "2024-10-11T23:34:56.290841",
      "2024-10-11T23:34:56.290982",
      "2024-10-11T23:34:56.291084",
      "2024-10-11T23:34:56.291185",
      "2024-10-11T23:34:56.292517",
      "2024-10-11T23:34:56.292564",
      "2024-10-11T23:34:56.292681",
      "2024-10-11T23:34:56.292819",
      "2024-10-11T23:34:56.292885",
      "2024-10-11T23:34:56.293040",
      "2024-10-11T23:34:56.293098",
      "2024-10-11T23:34:56.293218",
      "2024-10-11T23:34:56.293394",
      "2024-10-11T23:34:56.293498",
      "2024-10-11T23:34:56.293614",
      "2024-10-11T23:34:56.293655",
      "2024-10-11T23:34:56.293761",
      "2024-10-11T23:34:56.293854",
      "2024-10-11T23:34:56.294009",
      "2024-10-11T23:34:56.294102",
      "2024-10-11T23:34:56.294264",
      "2024-10-11T23:34:56.294384",
      "2024-10-11T23:34:56.294455",
      "2024-10-11T23:34:56.294598",
      "2024-10-11T23:34:56.295988",
      "2024-10-11T23:34:56.296168",
      "2024-10-11T23:34:56.296229",
      "2024-10-11T23:34:56.296317",
      "2024-10-11T23:34:56.296493",
      "2024-10-11T23:34:56.296565",
      "2024-10-11T23:34:56.296703",
      "2024-10-11T23:34:56.296821",
      "2024-10-11T23:34:56.296913",
      "2024-10-11T23:34:56.297008",
      "2024-10-11T23:34:56.297139",
      "2024-10-11T23:34:56.297213",
      "2024-10-11T23:34:56.297366",
      "2024-10-11T23:34:56.297512",
      "2024-10-11T23:34:56.297582",
      "2024-10-11T23:34:56.297692",
      "2024-10-11T23:34:56.297848",
      "2024-10-11T23:34:56.297909",
      "2024-10-11T23:34:56.298045",
      "2024-10-11T23:34:56.298096",
      "2024-10-11T23:34:56.299541",
      "2024-10-11T23:34:56.299682",
      "2024-10-11T23:34:56.299840",
      "2024-10-11T23:34:56.299931",
      "2024-10-11T23:34:56.299984",
      "2024-10-11T23:34:56.300108",
      "2024-10-11T23:34:56.300245",
      "2024-10-11T23:34:56.300317",
      "2024-10-11T23:34:56.300443",
      "2024-10-11T23:34:56.300909",
      "2024-10-11T23:34:56.301020",
      "2024-10-11T23:34:56.301115",
      "2024-10-11T23:34:56.301254",
      "2024-10-11T23:34:56.301331",
      "2024-10-11T23:34:56.301436",
      "2024-10-11T23:34:56.301526",
      "2024-10-11T23:34:56.301663",
      "2024-10-11T23:34:56.301747",
      "2024-10-11T23:34:56.301890",
      "2024-10-11T23:34:56.301962",
      "2024-10-11T23:34:56.303465",
      "2024-10-11T23:34:56.303573",
      "2024-10-11T23:34:56.303696",
      "2024-10-11T23:34:56.303723",
      "2024-10-11T23:34:56.303936",
      "2024-10-11T23:34:56.303966",
      "2024-10-11T23:34:56.304147",
      "2024-10-11T23:34:56.304265",
      "2024-10-11T23:34:56.304350",
      "2024-10-11T23:34:56.304512",
      "2024-10-11T23:34:56.304616",
      "2024-10-11T23:34:56.304668",
      "2024-10-11T23:34:56.304855",
      "2024-10-11T23:34:56.304892",
      "2024-10-11T23:34:56.305065",
      "2024-10-11T23:34:56.305132",
      "2024-10-11T23:34:56.305238",
      "2024-10-11T23:34:56.305343",
      "2024-10-11T23:34:56.305460",
      "2024-10-11T23:34:56.305542",
      "2024-10-11T23:34:56.307210",
      "2024-10-11T23:34:56.307243",
      "2024-10-11T23:34:56.307438",
      "2024-10-11T23:34:56.307500",
      "2024-10-11T23:34:56.307654",
      "2024-10-11T23:34:56.307719",
      "2024-10-11T23:34:56.307828",
      "2024-10-11T23:34:56.307938",
      "2024-10-11T23:34:56.308082",
      "2024-10-11T23:34:56.308237",
      "2024-10-11T23:34:56.308345",
      "2024-10-11T23:34:56.308476",
      "2024-10-11T23:34:56.308612",
      "2024-10-11T23:34:56.308652",
      "2024-10-11T23:34:56.308824",
      "2024-10-11T23:34:56.308883",
      "2024-10-11T23:34:56.309004",
      "2024-10-11T23:34:56.309095",
      "2024-10-11T23:34:56.309222",
      "2024-10-11T23:34:56.309351",
      "2024-10-11T23:34:56.310850",
      "2024-10-11T23:34:56.310888",
      "2024-10-11T23:34:56.311040",
      "2024-10-11T23:34:56.311153",
      "2024-10-11T23:34:56.311304",
      "2024-10-11T23:34:56.311398",
      "2024-10-11T23:34:56.311487",
      "2024-10-11T23:34:56.311559",
      "2024-10-11T23:34:56.311740",
      "2024-10-11T23:34:56.311800",
      "2024-10-11T23:34:56.311974",
      "2024-10-11T23:34:56.312105",
      "2024-10-11T23:34:56.312178",
      "2024-10-11T23:34:56.312287",
      "2024-10-11T23:34:56.312517",
      "2024-10-11T23:34:56.312592",
      "2024-10-11T23:34:56.312689",
      "2024-10-11T23:34:56.312808",
      "2024-10-11T23:34:56.312999",
      "2024-10-11T23:34:56.313023",
      "2024-10-11T23:34:56.314808",
      "2024-10-11T23:34:56.314944",
      "2024-10-11T23:34:56.315054",
      "2024-10-11T23:34:56.315140",
      "2024-10-11T23:34:56.315276",
      "2024-10-11T23:34:56.315470",
      "2024-10-11T23:34:56.315548",
      "2024-10-11T23:34:56.315698",
      "2024-10-11T23:34:56.315777",
      "2024-10-11T23:34:56.315904",
      "2024-10-11T23:34:56.316099",
      "2024-10-11T23:34:56.316202",
      "2024-10-11T23:34:56.316265",
      "2024-10-11T23:34:56.316393",
      "2024-10-11T23:34:56.316528",
      "2024-10-11T23:34:56.316687",
      "2024-10-11T23:34:56.316809",
      "2024-10-11T23:34:56.316881",
      "2024-10-11T23:34:56.317001",
      "2024-10-11T23:34:56.317109",
      "2024-10-11T23:34:56.318537",
      "2024-10-11T23:34:56.318631",
      "2024-10-11T23:34:56.318769",
      "2024-10-11T23:34:56.318842",
      "2024-10-11T23:34:56.319017",
      "2024-10-11T23:34:56.319071",
      "2024-10-11T23:34:56.319200",
      "2024-10-11T23:34:56.319328",
      "2024-10-11T23:34:56.319401",
      "2024-10-11T23:34:56.319519",
      "2024-10-11T23:34:56.319611",
      "2024-10-11T23:34:56.319760",
      "2024-10-11T23:34:56.319882",
      "2024-10-11T23:34:56.319975",
      "2024-10-11T23:34:56.320049",
      "2024-10-11T23:34:56.320232",
      "2024-10-11T23:34:56.320283",
      "2024-10-11T23:34:56.320382",
      "2024-10-11T23:34:56.320498",
      "2024-10-11T23:34:56.320660",
      "2024-10-11T23:34:56.322134",
      "2024-10-11T23:34:56.322207",
      "2024-10-11T23:34:56.322344",
      "2024-10-11T23:34:56.322441",
      "2024-10-11T23:34:56.322595",
      "2024-10-11T23:34:56.322635",
      "2024-10-11T23:34:56.322805",
      "2024-10-11T23:34:56.322913",
      "2024-10-11T23:34:56.322986",
      "2024-10-11T23:34:56.323111",
      "2024-10-11T23:34:56.323236",
      "2024-10-11T23:34:56.323276",
      "2024-10-11T23:34:56.323435",
      "2024-10-11T23:34:56.323519",
      "2024-10-11T23:34:56.323578",
      "2024-10-11T23:34:56.323756",
      "2024-10-11T23:34:56.323872",
      "2024-10-11T23:34:56.323958",
      "2024-10-11T23:34:56.324067",
      "2024-10-11T23:34:56.324193",
      "2024-10-11T23:34:56.325618",
      "2024-10-11T23:34:56.325750",
      "2024-10-11T23:34:56.325842",
      "2024-10-11T23:34:56.325969",
      "2024-10-11T23:34:56.326109",
      "2024-10-11T23:34:56.326179",
      "2024-10-11T23:34:56.326271",
      "2024-10-11T23:34:56.326376",
      "2024-10-11T23:34:56.326544",
      "2024-10-11T23:34:56.326599",
      "2024-10-11T23:34:56.326768",
      "2024-10-11T23:34:56.326876",
      "2024-10-11T23:34:56.326982",
      "2024-10-11T23:34:56.327077",
      "2024-10-11T23:34:56.327233",
      "2024-10-11T23:34:56.327343",
      "2024-10-11T23:34:56.327485",
      "2024-10-11T23:34:56.327583",
      "2024-10-11T23:34:56.327714",
      "2024-10-11T23:34:56.327770",
      "2024-10-11T23:34:56.329310",
      "2024-10-11T23:34:56.329369",
      "2024-10-11T23:34:56.329579",
      "2024-10-11T23:34:56.329641",
      "2024-10-11T23:34:56.329714",
      "2024-10-11T23:34:56.329846",
      "2024-10-11T23:34:56.330034",
      "2024-10-11T23:34:56.330166",
      "2024-10-11T23:34:56.330204",
      "2024-10-11T23:34:56.330397",
      "2024-10-11T23:34:56.330472",
      "2024-10-11T23:34:56.330534",
      "2024-10-11T23:34:56.330777",
      "2024-10-11T23:34:56.330800",
      "2024-10-11T23:34:56.331009",
      "2024-10-11T23:34:56.331105",
      "2024-10-11T23:34:56.331177",
      "2024-10-11T23:34:56.331350",
      "2024-10-11T23:34:56.331376",
      "2024-10-11T23:34:56.331527",
      "2024-10-11T23:34:56.333242",
      "2024-10-11T23:34:56.333386",
      "2024-10-11T23:34:56.333466",
      "2024-10-11T23:34:56.333626",
      "2024-10-11T23:34:56.333757",
      "2024-10-11T23:34:56.333916",
      "2024-10-11T23:34:56.334050",
      "2024-10-11T23:34:56.334097",
      "2024-10-11T23:34:56.334210",
      "2024-10-11T23:34:56.334346",
      "2024-10-11T23:34:56.334541",
      "2024-10-11T23:34:56.334665",
      "2024-10-11T23:34:56.334751",
      "2024-10-11T23:34:56.334891",
      "2024-10-11T23:34:56.334975",
      "2024-10-11T23:34:56.335080",
      "2024-10-11T23:34:56.335191",
      "2024-10-11T23:34:56.335275",
      "2024-10-11T23:34:56.335441",
      "2024-10-11T23:34:56.335567",
      "2024-10-11T23:34:56.337121",
      "2024-10-11T23:34:56.337251",
      "2024-10-11T23:34:56.337382",
      "2024-10-11T23:34:56.337477",
      "2024-10-11T23:34:56.337543",
      "2024-10-11T23:34:56.338106",
      "2024-10-11T23:34:56.338130",
      "2024-10-11T23:34:56.338329",
      "2024-10-11T23:34:56.338363",
      "2024-10-11T23:34:56.338495",
      "2024-10-11T23:34:56.338660",
      "2024-10-11T23:34:56.338696",
      "2024-10-11T23:34:56.338892",
      "2024-10-11T23:34:56.338943",
      "2024-10-11T23:34:56.339100",
      "2024-10-11T23:34:56.339200",
      "2024-10-11T23:34:56.339276",
      "2024-10-11T23:34:56.339508",
      "2024-10-11T23:34:56.339583",
      "2024-10-11T23:34:56.339716",
      "2024-10-11T23:34:56.341326",
      "2024-10-11T23:34:56.341409",
      "2024-10-11T23:34:56.341520",
      "2024-10-11T23:34:56.341592",
      "2024-10-11T23:34:56.341806",
      "2024-10-11T23:34:56.341902",
      "2024-10-11T23:34:56.342021",
      "2024-10-11T23:34:56.342109",
      "2024-10-11T23:34:56.342248",
