{
  "ensemble.best_rated_accuracy": {
    "steps": [
      20,
      40,
      60,
      80,
      100,
      120,
      140,
      160,
      180,
      200,
      220,
      240,
      260,
      280,
      300,
      320,
      340,
      360,
      380,
      400,
      420,
      440,
      460,
      480,
      500,
      520,
      540,
      560,
      580,
      600,
      620,
      640,
      660,
      680,
      700,
      720,
      740,
      760,
      780,
      800,
      820,
      840,
      860,
      880,
      900,
      920,
      940,
      960,
      980,
      1000
    ],
    "timestamps": [
      "2024-10-11T21:58:31.663914",
      "2024-10-11T21:58:31.667390",
      "2024-10-11T21:58:31.671484",
      "2024-10-11T21:58:31.675717",
      "2024-10-11T21:58:31.679899",
      "2024-10-11T21:58:31.684467",
      "2024-10-11T21:58:31.688606",
      "2024-10-11T21:58:31.692721",
      "2024-10-11T21:58:31.696885",
      "2024-10-11T21:58:31.701128",
      "2024-10-11T21:58:31.705345",
      "2024-10-11T21:58:31.709518",
      "2024-10-11T21:58:31.713645",
      "2024-10-11T21:58:31.717830",
      "2024-10-11T21:58:31.722073",
      "2024-10-11T21:58:31.726550",
      "2024-10-11T21:58:31.730638",
      "2024-10-11T21:58:31.734713",
      "2024-10-11T21:58:31.738920",
      "2024-10-11T21:58:31.743223",
      "2024-10-11T21:58:31.747392",
      "2024-10-11T21:58:31.751434",
      "2024-10-11T21:58:31.755568",
      "2024-10-11T21:58:31.759836",
      "2024-10-11T21:58:31.763897",
      "2024-10-11T21:58:31.768434",
      "2024-10-11T21:58:31.772561",
      "2024-10-11T21:58:31.776776",
      "2024-10-11T21:58:31.780738",
      "2024-10-11T21:58:31.784883",
      "2024-10-11T21:58:31.789052",
      "2024-10-11T21:58:31.793353",
      "2024-10-11T21:58:31.797486",
      "2024-10-11T21:58:31.801712",
      "2024-10-11T21:58:31.805758",
      "2024-10-11T21:58:31.810155",
      "2024-10-11T21:58:31.836638",
      "2024-10-11T21:58:31.840714",
      "2024-10-11T21:58:31.844897",
      "2024-10-11T21:58:31.848996",
      "2024-10-11T21:58:31.853140",
      "2024-10-11T21:58:31.857771",
      "2024-10-11T21:58:31.862036",
      "2024-10-11T21:58:31.866150",
      "2024-10-11T21:58:31.870362",
      "2024-10-11T21:58:31.874833",
      "2024-10-11T21:58:31.878982",
      "2024-10-11T21:58:31.883131",
      "2024-10-11T21:58:31.887326",
      "2024-10-11T21:58:31.891511"
    ],
    "values": [
      0.64,
      0.88,
      0.84,
      0.84,
      0.84,
      0.84,
      0.84,
      0.84,
      0.84,
      0.84,
      0.84,
      0.84,
      0.84,
      0.84,
      0.84,
      0.84,
      0.84,
      0.84,
      0.84,
      0.84,
      0.84,
      0.84,
      0.84,
      0.84,
      0.84,
      0.84,
      0.84,
      0.84,
      0.84,
      0.84,
      0.84,
      0.84,
      0.84,
      0.84,
      0.84,
      0.84,
      0.84,
      0.84,
      0.84,
      0.84,
      0.84,
      0.84,
      0.84,
      0.84,
      0.84,
      0.84,
      0.84,
      0.84,
      0.84,
      0.84
    ]
  },
  "ensemble.majority_accuracy": {
    "steps": [
      20,
      40,
      60,
      80,
      100,
      120,
      140,
      160,
      180,
      200,
      220,
      240,
      260,
      280,
      300,
      320,
      340,
      360,
      380,
      400,
      420,
      440,
      460,
      480,
      500,
      520,
      540,
      560,
      580,
      600,
      620,
      640,
      660,
      680,
      700,
      720,
      740,
      760,
      780,
      800,
      820,
      840,
      860,
      880,
      900,
      920,
      940,
      960,
      980,
      1000
    ],
    "timestamps": [
      "2024-10-11T21:58:31.663916",
      "2024-10-11T21:58:31.667392",
      "2024-10-11T21:58:31.671485",
      "2024-10-11T21:58:31.675719",
      "2024-10-11T21:58:31.679901",
      "2024-10-11T21:58:31.684469",
      "2024-10-11T21:58:31.688608",
      "2024-10-11T21:58:31.692722",
      "2024-10-11T21:58:31.696886",
      "2024-10-11T21:58:31.701130",
      "2024-10-11T21:58:31.705347",
      "2024-10-11T21:58:31.709520",
      "2024-10-11T21:58:31.713647",
      "2024-10-11T21:58:31.717832",
      "2024-10-11T21:58:31.722075",
      "2024-10-11T21:58:31.726551",
      "2024-10-11T21:58:31.730639",
      "2024-10-11T21:58:31.734715",
      "2024-10-11T21:58:31.738922",
      "2024-10-11T21:58:31.743224",
      "2024-10-11T21:58:31.747393",
      "2024-10-11T21:58:31.751436",
      "2024-10-11T21:58:31.755569",
      "2024-10-11T21:58:31.759837",
      "2024-10-11T21:58:31.763899",
      "2024-10-11T21:58:31.768436",
      "2024-10-11T21:58:31.772562",
      "2024-10-11T21:58:31.776778",
      "2024-10-11T21:58:31.780739",
      "2024-10-11T21:58:31.784885",
      "2024-10-11T21:58:31.789054",
      "2024-10-11T21:58:31.793355",
      "2024-10-11T21:58:31.797488",
      "2024-10-11T21:58:31.801714",
      "2024-10-11T21:58:31.805760",
      "2024-10-11T21:58:31.810157",
      "2024-10-11T21:58:31.836639",
      "2024-10-11T21:58:31.840716",
      "2024-10-11T21:58:31.844898",
      "2024-10-11T21:58:31.848998",
      "2024-10-11T21:58:31.853142",
      "2024-10-11T21:58:31.857773",
      "2024-10-11T21:58:31.862037",
      "2024-10-11T21:58:31.866152",
      "2024-10-11T21:58:31.870364",
      "2024-10-11T21:58:31.874835",
      "2024-10-11T21:58:31.878984",
      "2024-10-11T21:58:31.883133",
      "2024-10-11T21:58:31.887327",
      "2024-10-11T21:58:31.891512"
    ],
    "values": [
      0.64,
      0.86,
      0.86,
      0.86,
      0.86,
      0.88,
      0.88,
      0.94,
      0.94,
      0.92,
      0.88,
      0.84,
      0.86,
      0.86,
      0.86,
      0.86,
      0.88,
      0.88,
      0.84,
      0.82,
      0.86,
      0.84,
      0.86,
      0.86,
      0.84,
      0.86,
      0.86,
      0.86,
      0.82,
      0.84,
      0.86,
      0.86,
      0.86,
      0.84,
      0.8,
      0.82,
      0.82,
      0.82,
      0.82,
      0.82,
      0.82,
      0.84,
      0.82,
      0.84,
      0.86,
      0.86,
      0.86,
      0.84,
      0.88,
      0.88
    ]
  },
  "learner0.games_lost": {
    "steps": [
      0,
      4,
      8,
      10,
      11,
      13,
      14,
      16,
      17,
      18,
      20,
      21,
      22,
      24,
      26,
      31,
      35,
      37,
      42,
      44,
      45,
      48,
      49,
      50,
      51,
      52,
      53,
      54,
      55,
      56,
      57,
      58,
      59,
      60,
      61,
      62,
      63,
      64,
      65,
      66,
      67,
      68,
      69,
      70,
      71,
      72,
      73,
      74,
      75,
      76,
      77,
      78,
      79,
      80,
      81,
      82,
      83,
      84,
      85,
      86,
      87,
      88,
      89,
      90,
      91,
      92,
      93,
      94,
      95,
      96,
      97,
      98,
      99,
      100,
      101,
      102,
      103,
      104,
      105,
      106,
      107,
      108,
      109,
      110,
      111,
      112,
      113,
      114,
      115,
      116,
      117,
      118,
      119,
      120,
      121,
      122,
      123,
      124,
      125,
      126,
      127,
      128,
      129,
      130,
      131,
      132,
      133,
      134,
      135,
      136,
      137,
      138,
      139,
      140,
      141,
      142,
      143,
      144,
      145,
      146,
      147,
      148,
      149,
      150,
      151,
      152,
      153,
      154,
      155,
      156,
      157,
      158,
      159,
      160,
      161,
      162,
      163,
      164,
      165,
      166,
      167,
      168,
      169,
      170,
      171,
      172,
      173,
      174,
      175,
      176,
      177,
      178,
      179,
      180,
      181,
      182,
      183,
      184,
      185,
      186,
      187,
      188,
      189,
      190,
      191,
      192,
      193,
      194,
      195,
      196,
      197,
      198,
      199,
      200,
      201,
      202,
      203,
      204,
      205,
      206,
      207,
      208,
      209,
      210,
      211,
      212,
      213,
      214,
      215,
      216,
      217,
      218,
      219,
      220,
      221,
      222,
      223,
      224,
      225,
      226,
      227,
      228,
      229,
      230,
      231,
      232,
      233,
      234,
      235,
      236,
      237,
      238,
      239,
      240,
      241,
      242,
      243,
      244,
      245,
      246,
      247,
      248,
      249,
      250,
      251,
      252,
      253,
      254,
      255,
      256,
      257,
      258,
      259,
      260,
      261,
      262,
      263,
      264,
      265,
      266,
      267,
      268,
      269,
      270,
      271,
      272,
      273,
      274,
      275,
      276,
      277,
      278,
      279,
      280,
      281,
      282,
      283,
      284,
      285,
      286,
      287,
      288,
      289,
      290,
      291,
      292,
      293,
      294,
      295,
      296,
      297,
      298,
      299,
      300,
      301,
      302,
      303,
      304,
      305,
      306,
      307,
      308,
      309,
      310,
      311,
      312,
      313,
      314,
      315,
      316,
      317,
      318,
      319,
      320,
      321,
      322,
      323,
      324,
      325,
      326,
      327,
      328,
      329,
      330,
      331,
      332,
      333,
      334,
      335,
      336,
      337,
      338,
      339,
      340,
      341,
      342,
      343,
      344,
      345,
      346,
      347,
      348,
      349,
      350,
      351,
      352,
      353,
      354,
      355,
      356,
      357,
      358,
      359,
      360,
      361,
      362,
      363,
      364,
      365,
      366,
      367,
      368,
      369,
      370,
      371,
      372,
      373,
      374,
      375,
      376,
      377,
      378,
      379,
      380,
      381,
      382,
      383,
      384,
      385,
      386,
      387,
      388,
      389,
      390,
      391,
      392,
      393,
      394,
      395,
      396,
      397,
      398,
      399,
      400,
      401,
      402,
      403,
      404,
      405,
      406,
      407,
      408,
      409,
      410,
      411,
      412,
      413,
      414,
      415,
      416,
      417,
      418,
      419,
      420,
      421,
      422,
      423,
      424,
      425,
      426,
      427,
      428,
      429,
      430,
      431,
      432,
      433,
      434,
      435,
      436,
      437,
      438,
      439,
      440,
      441,
      442,
      443,
      444,
      445,
      446,
      447,
      448,
      449,
      450,
      451,
      452,
      453,
      454,
      455,
      456,
      457,
      458,
      459,
      460,
      461,
      462,
      463,
      464,
      465,
      466,
      467,
      468,
      469,
      470,
      471,
      472,
      473,
      474,
      475,
      476,
      477,
      478,
      479,
      480,
      481,
      482,
      483,
      484,
      485,
      486,
      487,
      488,
      489,
      490,
      491,
      492,
      493,
      494,
      495,
      496,
      497,
      498,
      499,
      500,
      501,
      502,
      503,
      504,
      505,
      506,
      507,
      508,
      509,
      510,
      511,
      512,
      513,
      514,
      515,
      516,
      517,
      518,
      519,
      520,
      521,
      522,
      523,
      524,
      525,
      526,
      527,
      528,
      529,
      530,
      531,
      532,
      533,
      534,
      535,
      536,
      537,
      538,
      539,
      540,
      541,
      542,
      543,
      544,
      545,
      546,
      547,
      548,
      549,
      550,
      551,
      552,
      553,
      554,
      555,
      556,
      557,
      558,
      559,
      560,
      561,
      562,
      563,
      564,
      565,
      566,
      567,
      568,
      569,
      570,
      571,
      572,
      573,
      574,
      575,
      576,
      577,
      578,
      579,
      580,
      581,
      582,
      583,
      584,
      585,
      586,
      587,
      588,
      589,
      590,
      591,
      592,
      593,
      594,
      595,
      596,
      597,
      598,
      599,
      600,
      601,
      602,
      603,
      604,
      605,
      606,
      607,
      608,
      609,
      610,
      611,
      612,
      613,
      614,
      615,
      616,
      617,
      618,
      619,
      620,
      621,
      622,
      623,
      624,
      625,
      626,
      627,
      628,
      629,
      630,
      631,
      632,
      633,
      634,
      635,
      636,
      637,
      638,
      639,
      640,
      641,
      642,
      643,
      644,
      645,
      646,
      647,
      648,
      649,
      650,
      651,
      652,
      653,
      654,
      655,
      656,
      657,
      658,
      659,
      660,
      661,
      662,
      663,
      664,
      665,
      666,
      667,
      668,
      669,
      670,
      671,
      672,
      673,
      674,
      675,
      676,
      677,
      678,
      679,
      680,
      681,
      682,
      683,
      684,
      685,
      686,
      687,
      688,
      689,
      690,
      691,
      692,
      693,
      694,
      695,
      696,
      697,
      698,
      699,
      700,
      701,
      702,
      703,
      704,
      705,
      706,
      707,
      708,
      709,
      710,
      711,
      712,
      713,
      714,
      715,
      716,
      717,
      718,
      719,
      720,
      721,
      722,
      723,
      724,
      725,
      726,
      727,
      728,
      729,
      730,
      731,
      732,
      733,
      734,
      735,
      736,
      737,
      738,
      739,
      740,
      741,
      742,
      743,
      744,
      745,
      746,
      747,
      748,
      749,
      750,
      751,
      752,
      753,
      754,
      755,
      756,
      757,
      758,
      759,
      760,
      761,
      762,
      763,
      764,
      765,
      766,
      767,
      768,
      769,
      770,
      771,
      772,
      773,
      774,
      775,
      776,
      777,
      778,
      779,
      780,
      781,
      782,
      783,
      784,
      785,
      786,
      787,
      788,
      789,
      790,
      791,
      792,
      793,
      794,
      795,
      796,
      797,
      798,
      799,
      800,
      801,
      802,
      803,
      804,
      805,
      806,
      807,
      808,
      809,
      810,
      811,
      812,
      813,
      814,
      815,
      816,
      817,
      818,
      819,
      820,
      821,
      822,
      823,
      824,
      825,
      826,
      827,
      828,
      829,
      830,
      831,
      832,
      833,
      834,
      835,
      836,
      837,
      838,
      839,
      840,
      841,
      842,
      843,
      844,
      845,
      846,
      847,
      848,
      849,
      850,
      851,
      852,
      853,
      854,
      855,
      856,
      857,
      858,
      859,
      860,
      861,
      862,
      863,
      864,
      865,
      866,
      867,
      868,
      869,
      870,
      871,
      872,
      873,
      874,
      875,
      876,
      877,
      878,
      879,
      880,
      881,
      882,
      883,
      884,
      885,
      886,
      887,
      888,
      889,
      890,
      891,
      892,
      893,
      894,
      895,
      896,
      897,
      898,
      899,
      900,
      901,
      902,
      903,
      904,
      905,
      906,
      907,
      908,
      909,
      910,
      911,
      912,
      913,
      914,
      915,
      916,
      917,
      918,
      919,
      920,
      921,
      922,
      923,
      924,
      925,
      926,
      927,
      928,
      929,
      930,
      931,
      932,
      933,
      934,
      935,
      936,
      937,
      938,
      939,
      940,
      941,
      942,
      943,
      944,
      945,
      946,
      947,
      948,
      949,
      950,
      951,
      952,
      953,
      954,
      955,
      956,
      957,
      958,
      959,
      960,
      961,
      962,
      963,
      964,
      965,
      966,
      967,
      968,
      969,
      970,
      971,
      972,
      973,
      974,
      975,
      976,
      977,
      978,
      979,
      980,
      981,
      982,
      983,
      984,
      985,
      986,
      987,
      988,
      989,
      990,
      991,
      992,
      993,
      994,
      995,
      996,
      997,
      998,
      999
    ],
    "timestamps": [
      "2024-10-11T21:58:31.660814",
      "2024-10-11T21:58:31.661443",
      "2024-10-11T21:58:31.661860",
      "2024-10-11T21:58:31.661918",
      "2024-10-11T21:58:31.662079",
      "2024-10-11T21:58:31.662203",
      "2024-10-11T21:58:31.662330",
      "2024-10-11T21:58:31.662437",
      "2024-10-11T21:58:31.662667",
      "2024-10-11T21:58:31.662851",
      "2024-10-11T21:58:31.664042",
      "2024-10-11T21:58:31.664215",
      "2024-10-11T21:58:31.664255",
      "2024-10-11T21:58:31.664531",
      "2024-10-11T21:58:31.664622",
      "2024-10-11T21:58:31.664848",
      "2024-10-11T21:58:31.665149",
      "2024-10-11T21:58:31.665331",
      "2024-10-11T21:58:31.667519",
      "2024-10-11T21:58:31.667691",
      "2024-10-11T21:58:31.667924",
      "2024-10-11T21:58:31.668185",
      "2024-10-11T21:58:31.668303",
      "2024-10-11T21:58:31.668365",
      "2024-10-11T21:58:31.668501",
      "2024-10-11T21:58:31.668623",
      "2024-10-11T21:58:31.668761",
      "2024-10-11T21:58:31.668871",
      "2024-10-11T21:58:31.668992",
      "2024-10-11T21:58:31.669043",
      "2024-10-11T21:58:31.669212",
      "2024-10-11T21:58:31.669262",
      "2024-10-11T21:58:31.669364",
      "2024-10-11T21:58:31.671508",
      "2024-10-11T21:58:31.671636",
      "2024-10-11T21:58:31.671752",
      "2024-10-11T21:58:31.671866",
      "2024-10-11T21:58:31.672065",
      "2024-10-11T21:58:31.672164",
      "2024-10-11T21:58:31.672244",
      "2024-10-11T21:58:31.672345",
      "2024-10-11T21:58:31.672495",
      "2024-10-11T21:58:31.672642",
      "2024-10-11T21:58:31.672813",
      "2024-10-11T21:58:31.672964",
      "2024-10-11T21:58:31.673015",
      "2024-10-11T21:58:31.673146",
      "2024-10-11T21:58:31.673261",
      "2024-10-11T21:58:31.673449",
      "2024-10-11T21:58:31.673527",
      "2024-10-11T21:58:31.673627",
      "2024-10-11T21:58:31.673740",
      "2024-10-11T21:58:31.673831",
      "2024-10-11T21:58:31.675829",
      "2024-10-11T21:58:31.675854",
      "2024-10-11T21:58:31.676023",
      "2024-10-11T21:58:31.676160",
      "2024-10-11T21:58:31.676274",
      "2024-10-11T21:58:31.676426",
      "2024-10-11T21:58:31.676555",
      "2024-10-11T21:58:31.676656",
      "2024-10-11T21:58:31.676695",
      "2024-10-11T21:58:31.676847",
      "2024-10-11T21:58:31.676984",
      "2024-10-11T21:58:31.677070",
      "2024-10-11T21:58:31.677245",
      "2024-10-11T21:58:31.677284",
      "2024-10-11T21:58:31.677412",
      "2024-10-11T21:58:31.677513",
      "2024-10-11T21:58:31.677629",
      "2024-10-11T21:58:31.677757",
      "2024-10-11T21:58:31.677895",
      "2024-10-11T21:58:31.678047",
      "2024-10-11T21:58:31.679971",
      "2024-10-11T21:58:31.680154",
      "2024-10-11T21:58:31.680180",
      "2024-10-11T21:58:31.680352",
      "2024-10-11T21:58:31.680466",
      "2024-10-11T21:58:31.680557",
      "2024-10-11T21:58:31.680753",
      "2024-10-11T21:58:31.680816",
      "2024-10-11T21:58:31.680928",
      "2024-10-11T21:58:31.681109",
      "2024-10-11T21:58:31.681220",
      "2024-10-11T21:58:31.681298",
      "2024-10-11T21:58:31.681449",
      "2024-10-11T21:58:31.681589",
      "2024-10-11T21:58:31.681761",
      "2024-10-11T21:58:31.681802",
      "2024-10-11T21:58:31.682304",
      "2024-10-11T21:58:31.682407",
      "2024-10-11T21:58:31.682533",
      "2024-10-11T21:58:31.682596",
      "2024-10-11T21:58:31.684505",
      "2024-10-11T21:58:31.684655",
      "2024-10-11T21:58:31.684767",
      "2024-10-11T21:58:31.684868",
      "2024-10-11T21:58:31.684980",
      "2024-10-11T21:58:31.685070",
      "2024-10-11T21:58:31.685184",
      "2024-10-11T21:58:31.685333",
      "2024-10-11T21:58:31.685409",
      "2024-10-11T21:58:31.685546",
      "2024-10-11T21:58:31.685622",
      "2024-10-11T21:58:31.685822",
      "2024-10-11T21:58:31.685885",
      "2024-10-11T21:58:31.685983",
      "2024-10-11T21:58:31.686166",
      "2024-10-11T21:58:31.686239",
      "2024-10-11T21:58:31.686390",
      "2024-10-11T21:58:31.686540",
      "2024-10-11T21:58:31.686578",
      "2024-10-11T21:58:31.686739",
      "2024-10-11T21:58:31.688722",
      "2024-10-11T21:58:31.688777",
      "2024-10-11T21:58:31.688964",
      "2024-10-11T21:58:31.689078",
      "2024-10-11T21:58:31.689150",
      "2024-10-11T21:58:31.689341",
      "2024-10-11T21:58:31.689368",
      "2024-10-11T21:58:31.689586",
      "2024-10-11T21:58:31.689611",
      "2024-10-11T21:58:31.689779",
      "2024-10-11T21:58:31.689926",
      "2024-10-11T21:58:31.690090",
      "2024-10-11T21:58:31.690115",
      "2024-10-11T21:58:31.690264",
      "2024-10-11T21:58:31.690378",
      "2024-10-11T21:58:31.690492",
      "2024-10-11T21:58:31.690616",
      "2024-10-11T21:58:31.690786",
      "2024-10-11T21:58:31.690846",
      "2024-10-11T21:58:31.690965",
      "2024-10-11T21:58:31.692765",
      "2024-10-11T21:58:31.692880",
      "2024-10-11T21:58:31.693041",
      "2024-10-11T21:58:31.693193",
      "2024-10-11T21:58:31.693241",
      "2024-10-11T21:58:31.693415",
      "2024-10-11T21:58:31.693530",
      "2024-10-11T21:58:31.693593",
      "2024-10-11T21:58:31.693707",
      "2024-10-11T21:58:31.693894",
      "2024-10-11T21:58:31.694009",
      "2024-10-11T21:58:31.694048",
      "2024-10-11T21:58:31.694174",
      "2024-10-11T21:58:31.694284",
      "2024-10-11T21:58:31.694495",
      "2024-10-11T21:58:31.694558",
      "2024-10-11T21:58:31.694635",
      "2024-10-11T21:58:31.694823",
      "2024-10-11T21:58:31.694863",
      "2024-10-11T21:58:31.694976",
      "2024-10-11T21:58:31.697006",
      "2024-10-11T21:58:31.697114",
      "2024-10-11T21:58:31.697265",
      "2024-10-11T21:58:31.697328",
      "2024-10-11T21:58:31.697452",
      "2024-10-11T21:58:31.697542",
      "2024-10-11T21:58:31.697717",
      "2024-10-11T21:58:31.697806",
      "2024-10-11T21:58:31.697868",
      "2024-10-11T21:58:31.698030",
      "2024-10-11T21:58:31.698204",
      "2024-10-11T21:58:31.698267",
      "2024-10-11T21:58:31.698433",
      "2024-10-11T21:58:31.698518",
      "2024-10-11T21:58:31.698608",
      "2024-10-11T21:58:31.698721",
      "2024-10-11T21:58:31.698871",
      "2024-10-11T21:58:31.698983",
      "2024-10-11T21:58:31.699118",
      "2024-10-11T21:58:31.699256",
      "2024-10-11T21:58:31.701210",
      "2024-10-11T21:58:31.701322",
      "2024-10-11T21:58:31.701540",
      "2024-10-11T21:58:31.701579",
      "2024-10-11T21:58:31.701694",
      "2024-10-11T21:58:31.701881",
      "2024-10-11T21:58:31.701983",
      "2024-10-11T21:58:31.702110",
      "2024-10-11T21:58:31.702185",
      "2024-10-11T21:58:31.702299",
      "2024-10-11T21:58:31.702439",
      "2024-10-11T21:58:31.702527",
      "2024-10-11T21:58:31.702629",
      "2024-10-11T21:58:31.702719",
      "2024-10-11T21:58:31.702827",
      "2024-10-11T21:58:31.702964",
      "2024-10-11T21:58:31.703153",
      "2024-10-11T21:58:31.703268",
      "2024-10-11T21:58:31.703307",
      "2024-10-11T21:58:31.703430",
      "2024-10-11T21:58:31.705445",
      "2024-10-11T21:58:31.705559",
      "2024-10-11T21:58:31.705599",
      "2024-10-11T21:58:31.705763",
      "2024-10-11T21:58:31.705868",
      "2024-10-11T21:58:31.705978",
      "2024-10-11T21:58:31.706107",
      "2024-10-11T21:58:31.706296",
      "2024-10-11T21:58:31.706402",
      "2024-10-11T21:58:31.706454",
      "2024-10-11T21:58:31.706605",
      "2024-10-11T21:58:31.706732",
      "2024-10-11T21:58:31.706895",
      "2024-10-11T21:58:31.706996",
      "2024-10-11T21:58:31.707109",
      "2024-10-11T21:58:31.707237",
      "2024-10-11T21:58:31.707275",
      "2024-10-11T21:58:31.707384",
      "2024-10-11T21:58:31.707575",
      "2024-10-11T21:58:31.707688",
      "2024-10-11T21:58:31.709631",
      "2024-10-11T21:58:31.709707",
      "2024-10-11T21:58:31.709783",
      "2024-10-11T21:58:31.709896",
      "2024-10-11T21:58:31.710045",
      "2024-10-11T21:58:31.710144",
      "2024-10-11T21:58:31.710330",
      "2024-10-11T21:58:31.710430",
      "2024-10-11T21:58:31.710556",
      "2024-10-11T21:58:31.710595",
      "2024-10-11T21:58:31.710708",
      "2024-10-11T21:58:31.710868",
      "2024-10-11T21:58:31.711014",
      "2024-10-11T21:58:31.711089",
      "2024-10-11T21:58:31.711180",
      "2024-10-11T21:58:31.711366",
      "2024-10-11T21:58:31.711405",
      "2024-10-11T21:58:31.711547",
      "2024-10-11T21:58:31.711637",
      "2024-10-11T21:58:31.711750",
      "2024-10-11T21:58:31.713675",
      "2024-10-11T21:58:31.713866",
      "2024-10-11T21:58:31.713904",
      "2024-10-11T21:58:31.714112",
      "2024-10-11T21:58:31.714236",
      "2024-10-11T21:58:31.714334",
      "2024-10-11T21:58:31.714394",
      "2024-10-11T21:58:31.714505",
      "2024-10-11T21:58:31.714652",
      "2024-10-11T21:58:31.714747",
      "2024-10-11T21:58:31.714895",
      "2024-10-11T21:58:31.715057",
      "2024-10-11T21:58:31.715133",
      "2024-10-11T21:58:31.715233",
      "2024-10-11T21:58:31.715307",
      "2024-10-11T21:58:31.715472",
      "2024-10-11T21:58:31.715586",
      "2024-10-11T21:58:31.715662",
      "2024-10-11T21:58:31.715847",
      "2024-10-11T21:58:31.715945",
      "2024-10-11T21:58:31.717945",
      "2024-10-11T21:58:31.717984",
      "2024-10-11T21:58:31.718098",
      "2024-10-11T21:58:31.718294",
      "2024-10-11T21:58:31.718333",
      "2024-10-11T21:58:31.718458",
      "2024-10-11T21:58:31.718612",
      "2024-10-11T21:58:31.718688",
      "2024-10-11T21:58:31.718840",
      "2024-10-11T21:58:31.718939",
      "2024-10-11T21:58:31.719089",
      "2024-10-11T21:58:31.719179",
      "2024-10-11T21:58:31.719254",
      "2024-10-11T21:58:31.719353",
      "2024-10-11T21:58:31.719565",
      "2024-10-11T21:58:31.719591",
      "2024-10-11T21:58:31.719764",
      "2024-10-11T21:58:31.719926",
      "2024-10-11T21:58:31.719964",
      "2024-10-11T21:58:31.720066",
      "2024-10-11T21:58:31.722177",
      "2024-10-11T21:58:31.722305",
      "2024-10-11T21:58:31.722368",
      "2024-10-11T21:58:31.722520",
      "2024-10-11T21:58:31.722565",
      "2024-10-11T21:58:31.722782",
      "2024-10-11T21:58:31.722860",
      "2024-10-11T21:58:31.723007",
      "2024-10-11T21:58:31.723194",
      "2024-10-11T21:58:31.723232",
      "2024-10-11T21:58:31.723406",
      "2024-10-11T21:58:31.723492",
      "2024-10-11T21:58:31.723965",
      "2024-10-11T21:58:31.724077",
      "2024-10-11T21:58:31.724187",
      "2024-10-11T21:58:31.724288",
      "2024-10-11T21:58:31.724446",
      "2024-10-11T21:58:31.724507",
      "2024-10-11T21:58:31.724584",
      "2024-10-11T21:58:31.724731",
      "2024-10-11T21:58:31.726611",
      "2024-10-11T21:58:31.726759",
      "2024-10-11T21:58:31.726869",
      "2024-10-11T21:58:31.727017",
      "2024-10-11T21:58:31.727129",
      "2024-10-11T21:58:31.727218",
      "2024-10-11T21:58:31.727292",
      "2024-10-11T21:58:31.727402",
      "2024-10-11T21:58:31.727607",
      "2024-10-11T21:58:31.727678",
      "2024-10-11T21:58:31.727796",
      "2024-10-11T21:58:31.727920",
      "2024-10-11T21:58:31.728064",
      "2024-10-11T21:58:31.728090",
      "2024-10-11T21:58:31.728250",
      "2024-10-11T21:58:31.728383",
      "2024-10-11T21:58:31.728460",
      "2024-10-11T21:58:31.728570",
      "2024-10-11T21:58:31.728680",
      "2024-10-11T21:58:31.728793",
      "2024-10-11T21:58:31.730746",
      "2024-10-11T21:58:31.730784",
      "2024-10-11T21:58:31.730967",
      "2024-10-11T21:58:31.731028",
      "2024-10-11T21:58:31.731139",
      "2024-10-11T21:58:31.731233",
      "2024-10-11T21:58:31.731365",
      "2024-10-11T21:58:31.731488",
      "2024-10-11T21:58:31.731694",
      "2024-10-11T21:58:31.731804",
      "2024-10-11T21:58:31.731829",
      "2024-10-11T21:58:31.732009",
      "2024-10-11T21:58:31.732084",
      "2024-10-11T21:58:31.732170",
      "2024-10-11T21:58:31.732279",
      "2024-10-11T21:58:31.732427",
      "2024-10-11T21:58:31.732524",
      "2024-10-11T21:58:31.732634",
      "2024-10-11T21:58:31.732792",
      "2024-10-11T21:58:31.732829",
      "2024-10-11T21:58:31.734789",
      "2024-10-11T21:58:31.734911",
      "2024-10-11T21:58:31.735000",
      "2024-10-11T21:58:31.735174",
      "2024-10-11T21:58:31.735345",
      "2024-10-11T21:58:31.735386",
      "2024-10-11T21:58:31.735488",
      "2024-10-11T21:58:31.735613",
      "2024-10-11T21:58:31.735751",
      "2024-10-11T21:58:31.735864",
      "2024-10-11T21:58:31.735940",
      "2024-10-11T21:58:31.736091",
      "2024-10-11T21:58:31.736228",
      "2024-10-11T21:58:31.736305",
      "2024-10-11T21:58:31.736406",
      "2024-10-11T21:58:31.736569",
      "2024-10-11T21:58:31.736688",
      "2024-10-11T21:58:31.736751",
      "2024-10-11T21:58:31.736899",
      "2024-10-11T21:58:31.737051",
      "2024-10-11T21:58:31.738944",
      "2024-10-11T21:58:31.739133",
      "2024-10-11T21:58:31.739264",
      "2024-10-11T21:58:31.739333",
      "2024-10-11T21:58:31.739462",
      "2024-10-11T21:58:31.739667",
      "2024-10-11T21:58:31.739831",
      "2024-10-11T21:58:31.739906",
      "2024-10-11T21:58:31.739969",
      "2024-10-11T21:58:31.740185",
      "2024-10-11T21:58:31.740275",
      "2024-10-11T21:58:31.740441",
      "2024-10-11T21:58:31.740481",
      "2024-10-11T21:58:31.740631",
      "2024-10-11T21:58:31.740808",
      "2024-10-11T21:58:31.740908",
      "2024-10-11T21:58:31.741009",
      "2024-10-11T21:58:31.741119",
      "2024-10-11T21:58:31.741233",
      "2024-10-11T21:58:31.741345",
      "2024-10-11T21:58:31.743284",
      "2024-10-11T21:58:31.743360",
      "2024-10-11T21:58:31.743487",
      "2024-10-11T21:58:31.743675",
      "2024-10-11T21:58:31.743723",
      "2024-10-11T21:58:31.743906",
      "2024-10-11T21:58:31.743942",
      "2024-10-11T21:58:31.744053",
      "2024-10-11T21:58:31.744226",
      "2024-10-11T21:58:31.744338",
      "2024-10-11T21:58:31.744471",
      "2024-10-11T21:58:31.744635",
      "2024-10-11T21:58:31.744698",
      "2024-10-11T21:58:31.744788",
      "2024-10-11T21:58:31.744907",
      "2024-10-11T21:58:31.745051",
      "2024-10-11T21:58:31.745246",
      "2024-10-11T21:58:31.745322",
      "2024-10-11T21:58:31.745398",
      "2024-10-11T21:58:31.745524",
      "2024-10-11T21:58:31.747465",
      "2024-10-11T21:58:31.747565",
      "2024-10-11T21:58:31.747651",
      "2024-10-11T21:58:31.747833",
      "2024-10-11T21:58:31.747930",
      "2024-10-11T21:58:31.747979",
      "2024-10-11T21:58:31.748182",
      "2024-10-11T21:58:31.748256",
      "2024-10-11T21:58:31.748341",
      "2024-10-11T21:58:31.748488",
      "2024-10-11T21:58:31.748562",
      "2024-10-11T21:58:31.748671",
      "2024-10-11T21:58:31.748818",
      "2024-10-11T21:58:31.748879",
      "2024-10-11T21:58:31.749025",
      "2024-10-11T21:58:31.749170",
      "2024-10-11T21:58:31.749219",
      "2024-10-11T21:58:31.749341",
      "2024-10-11T21:58:31.749533",
      "2024-10-11T21:58:31.749607",
      "2024-10-11T21:58:31.751555",
      "2024-10-11T21:58:31.751630",
      "2024-10-11T21:58:31.751799",
      "2024-10-11T21:58:31.751875",
      "2024-10-11T21:58:31.751973",
      "2024-10-11T21:58:31.752064",
      "2024-10-11T21:58:31.752166",
      "2024-10-11T21:58:31.752367",
      "2024-10-11T21:58:31.752392",
      "2024-10-11T21:58:31.752542",
      "2024-10-11T21:58:31.752656",
      "2024-10-11T21:58:31.752807",
      "2024-10-11T21:58:31.752882",
      "2024-10-11T21:58:31.752973",
      "2024-10-11T21:58:31.753109",
      "2024-10-11T21:58:31.753222",
      "2024-10-11T21:58:31.753371",
      "2024-10-11T21:58:31.753411",
      "2024-10-11T21:58:31.753577",
      "2024-10-11T21:58:31.753676",
      "2024-10-11T21:58:31.755668",
      "2024-10-11T21:58:31.755707",
      "2024-10-11T21:58:31.755876",
      "2024-10-11T21:58:31.755965",
      "2024-10-11T21:58:31.756116",
      "2024-10-11T21:58:31.756274",
      "2024-10-11T21:58:31.756353",
      "2024-10-11T21:58:31.756567",
      "2024-10-11T21:58:31.756643",
      "2024-10-11T21:58:31.756776",
      "2024-10-11T21:58:31.756885",
      "2024-10-11T21:58:31.756955",
      "2024-10-11T21:58:31.757176",
      "2024-10-11T21:58:31.757215",
      "2024-10-11T21:58:31.757391",
      "2024-10-11T21:58:31.757540",
      "2024-10-11T21:58:31.757617",
      "2024-10-11T21:58:31.757692",
      "2024-10-11T21:58:31.757861",
      "2024-10-11T21:58:31.758007",
      "2024-10-11T21:58:31.759860",
      "2024-10-11T21:58:31.759984",
      "2024-10-11T21:58:31.760174",
      "2024-10-11T21:58:31.760281",
      "2024-10-11T21:58:31.760351",
      "2024-10-11T21:58:31.760516",
      "2024-10-11T21:58:31.760650",
      "2024-10-11T21:58:31.760747",
      "2024-10-11T21:58:31.760804",
      "2024-10-11T21:58:31.760926",
      "2024-10-11T21:58:31.761112",
      "2024-10-11T21:58:31.761238",
      "2024-10-11T21:58:31.761298",
      "2024-10-11T21:58:31.761450",
      "2024-10-11T21:58:31.761598",
      "2024-10-11T21:58:31.761663",
      "2024-10-11T21:58:31.761751",
      "2024-10-11T21:58:31.761937",
      "2024-10-11T21:58:31.762020",
      "2024-10-11T21:58:31.762184",
      "2024-10-11T21:58:31.763934",
      "2024-10-11T21:58:31.764083",
      "2024-10-11T21:58:31.764240",
      "2024-10-11T21:58:31.764354",
      "2024-10-11T21:58:31.764392",
      "2024-10-11T21:58:31.764587",
      "2024-10-11T21:58:31.764645",
      "2024-10-11T21:58:31.764779",
      "2024-10-11T21:58:31.765283",
      "2024-10-11T21:58:31.765424",
      "2024-10-11T21:58:31.765447",
      "2024-10-11T21:58:31.765642",
      "2024-10-11T21:58:31.765714",
      "2024-10-11T21:58:31.765784",
      "2024-10-11T21:58:31.765959",
      "2024-10-11T21:58:31.766034",
      "2024-10-11T21:58:31.766222",
      "2024-10-11T21:58:31.766300",
      "2024-10-11T21:58:31.766413",
      "2024-10-11T21:58:31.766564",
      "2024-10-11T21:58:31.768472",
      "2024-10-11T21:58:31.768585",
      "2024-10-11T21:58:31.768760",
      "2024-10-11T21:58:31.768874",
      "2024-10-11T21:58:31.768913",
      "2024-10-11T21:58:31.769047",
      "2024-10-11T21:58:31.769243",
      "2024-10-11T21:58:31.769378",
      "2024-10-11T21:58:31.769477",
      "2024-10-11T21:58:31.769567",
      "2024-10-11T21:58:31.769718",
      "2024-10-11T21:58:31.769744",
      "2024-10-11T21:58:31.769857",
      "2024-10-11T21:58:31.769971",
      "2024-10-11T21:58:31.770134",
      "2024-10-11T21:58:31.770249",
      "2024-10-11T21:58:31.770362",
      "2024-10-11T21:58:31.770424",
      "2024-10-11T21:58:31.770588",
      "2024-10-11T21:58:31.770664",
      "2024-10-11T21:58:31.772722",
      "2024-10-11T21:58:31.772747",
      "2024-10-11T21:58:31.772941",
      "2024-10-11T21:58:31.773031",
      "2024-10-11T21:58:31.773143",
      "2024-10-11T21:58:31.773293",
      "2024-10-11T21:58:31.773405",
      "2024-10-11T21:58:31.773469",
      "2024-10-11T21:58:31.773582",
      "2024-10-11T21:58:31.773670",
      "2024-10-11T21:58:31.773883",
      "2024-10-11T21:58:31.773995",
      "2024-10-11T21:58:31.774071",
      "2024-10-11T21:58:31.774149",
      "2024-10-11T21:58:31.774303",
      "2024-10-11T21:58:31.774471",
      "2024-10-11T21:58:31.774552",
      "2024-10-11T21:58:31.774687",
      "2024-10-11T21:58:31.774800",
      "2024-10-11T21:58:31.774919",
      "2024-10-11T21:58:31.776839",
      "2024-10-11T21:58:31.776934",
      "2024-10-11T21:58:31.777133",
      "2024-10-11T21:58:31.777233",
      "2024-10-11T21:58:31.777358",
      "2024-10-11T21:58:31.777397",
      "2024-10-11T21:58:31.777524",
      "2024-10-11T21:58:31.777711",
      "2024-10-11T21:58:31.777786",
      "2024-10-11T21:58:31.777861",
      "2024-10-11T21:58:31.777964",
      "2024-10-11T21:58:31.778165",
      "2024-10-11T21:58:31.778209",
      "2024-10-11T21:58:31.778311",
      "2024-10-11T21:58:31.778512",
      "2024-10-11T21:58:31.778627",
      "2024-10-11T21:58:31.778716",
      "2024-10-11T21:58:31.778911",
      "2024-10-11T21:58:31.779031",
      "2024-10-11T21:58:31.779088",
      "2024-10-11T21:58:31.780795",
      "2024-10-11T21:58:31.780952",
      "2024-10-11T21:58:31.781036",
      "2024-10-11T21:58:31.781108",
      "2024-10-11T21:58:31.781296",
      "2024-10-11T21:58:31.781334",
      "2024-10-11T21:58:31.781449",
      "2024-10-11T21:58:31.781612",
      "2024-10-11T21:58:31.781727",
      "2024-10-11T21:58:31.781850",
      "2024-10-11T21:58:31.781972",
      "2024-10-11T21:58:31.782048",
      "2024-10-11T21:58:31.782197",
      "2024-10-11T21:58:31.782324",
      "2024-10-11T21:58:31.782446",
      "2024-10-11T21:58:31.782584",
      "2024-10-11T21:58:31.782712",
      "2024-10-11T21:58:31.782824",
      "2024-10-11T21:58:31.782849",
      "2024-10-11T21:58:31.783009",
      "2024-10-11T21:58:31.784981",
      "2024-10-11T21:58:31.785034",
      "2024-10-11T21:58:31.785210",
      "2024-10-11T21:58:31.785285",
      "2024-10-11T21:58:31.785400",
      "2024-10-11T21:58:31.785513",
      "2024-10-11T21:58:31.785614",
      "2024-10-11T21:58:31.785822",
      "2024-10-11T21:58:31.785935",
      "2024-10-11T21:58:31.785988",
      "2024-10-11T21:58:31.786126",
      "2024-10-11T21:58:31.786275",
      "2024-10-11T21:58:31.786329",
      "2024-10-11T21:58:31.786429",
      "2024-10-11T21:58:31.786632",
      "2024-10-11T21:58:31.786681",
      "2024-10-11T21:58:31.786884",
      "2024-10-11T21:58:31.786922",
      "2024-10-11T21:58:31.787062",
      "2024-10-11T21:58:31.787189",
      "2024-10-11T21:58:31.789077",
      "2024-10-11T21:58:31.789236",
      "2024-10-11T21:58:31.789433",
      "2024-10-11T21:58:31.789472",
      "2024-10-11T21:58:31.789598",
      "2024-10-11T21:58:31.789803",
      "2024-10-11T21:58:31.789828",
      "2024-10-11T21:58:31.789951",
      "2024-10-11T21:58:31.790063",
      "2024-10-11T21:58:31.790170",
      "2024-10-11T21:58:31.790357",
      "2024-10-11T21:58:31.790495",
      "2024-10-11T21:58:31.790607",
      "2024-10-11T21:58:31.790744",
      "2024-10-11T21:58:31.790780",
      "2024-10-11T21:58:31.790884",
      "2024-10-11T21:58:31.791102",
      "2024-10-11T21:58:31.791134",
      "2024-10-11T21:58:31.791262",
      "2024-10-11T21:58:31.791468",
      "2024-10-11T21:58:31.793464",
      "2024-10-11T21:58:31.793566",
      "2024-10-11T21:58:31.793654",
      "2024-10-11T21:58:31.793767",
      "2024-10-11T21:58:31.793918",
      "2024-10-11T21:58:31.793980",
      "2024-10-11T21:58:31.794056",
      "2024-10-11T21:58:31.794188",
      "2024-10-11T21:58:31.794299",
      "2024-10-11T21:58:31.794501",
      "2024-10-11T21:58:31.794527",
      "2024-10-11T21:58:31.794648",
      "2024-10-11T21:58:31.794799",
      "2024-10-11T21:58:31.794924",
      "2024-10-11T21:58:31.795023",
      "2024-10-11T21:58:31.795137",
      "2024-10-11T21:58:31.795285",
      "2024-10-11T21:58:31.795422",
      "2024-10-11T21:58:31.795474",
      "2024-10-11T21:58:31.795670",
      "2024-10-11T21:58:31.797599",
      "2024-10-11T21:58:31.797637",
      "2024-10-11T21:58:31.797830",
      "2024-10-11T21:58:31.797903",
      "2024-10-11T21:58:31.798044",
      "2024-10-11T21:58:31.798194",
      "2024-10-11T21:58:31.798277",
      "2024-10-11T21:58:31.798352",
      "2024-10-11T21:58:31.798479",
      "2024-10-11T21:58:31.798670",
      "2024-10-11T21:58:31.798791",
