{
  "test_accuracy": {
    "steps": [
      20,
      40,
      60,
      80,
      100,
      120,
      140,
      160,
      180,
      200,
      220,
      240,
      260,
      280,
      300,
      320,
      340,
      360,
      380,
      400,
      420,
      440,
      460,
      480,
      500,
      520,
      540,
      560,
      580,
      600,
      620,
      640,
      660,
      680,
      700,
      720,
      740,
      760,
      780,
      800,
      820,
      840,
      860,
      880,
      900,
      920,
      940,
      960,
      980,
      1000,
      1020,
      1040
    ],
    "timestamps": [
      "2024-10-11T23:56:34.050927",
      "2024-10-11T23:56:34.051539",
      "2024-10-11T23:56:34.052142",
      "2024-10-11T23:56:34.052637",
      "2024-10-11T23:56:34.052970",
      "2024-10-11T23:56:34.053290",
      "2024-10-11T23:56:34.053604",
      "2024-10-11T23:56:34.053917",
      "2024-10-11T23:56:34.054241",
      "2024-10-11T23:56:34.054564",
      "2024-10-11T23:56:34.054877",
      "2024-10-11T23:56:34.055198",
      "2024-10-11T23:56:34.055529",
      "2024-10-11T23:56:34.055888",
      "2024-10-11T23:56:34.056212",
      "2024-10-11T23:56:34.056537",
      "2024-10-11T23:56:34.056859",
      "2024-10-11T23:56:34.057183",
      "2024-10-11T23:56:34.057529",
      "2024-10-11T23:56:34.057870",
      "2024-10-11T23:56:34.058230",
      "2024-10-11T23:56:34.058584",
      "2024-10-11T23:56:34.058905",
      "2024-10-11T23:56:34.059225",
      "2024-10-11T23:56:34.059545",
      "2024-10-11T23:56:34.059869",
      "2024-10-11T23:56:34.060204",
      "2024-10-11T23:56:34.060529",
      "2024-10-11T23:56:34.060851",
      "2024-10-11T23:56:34.061172",
      "2024-10-11T23:56:34.061767",
      "2024-10-11T23:56:34.062096",
      "2024-10-11T23:56:34.062418",
      "2024-10-11T23:56:34.062743",
      "2024-10-11T23:56:34.063075",
      "2024-10-11T23:56:34.063396",
      "2024-10-11T23:56:34.063723",
      "2024-10-11T23:56:34.064055",
      "2024-10-11T23:56:34.064406",
      "2024-10-11T23:56:34.064733",
      "2024-10-11T23:56:34.065079",
      "2024-10-11T23:56:34.065407",
      "2024-10-11T23:56:34.065728",
      "2024-10-11T23:56:34.066062",
      "2024-10-11T23:56:34.066382",
      "2024-10-11T23:56:34.066702",
      "2024-10-11T23:56:34.067035",
      "2024-10-11T23:56:34.067393",
      "2024-10-11T23:56:34.067713",
      "2024-10-11T23:56:34.068079",
      "2024-10-11T23:56:34.068400",
      "2024-10-11T23:56:34.068731"
    ],
    "values": [
      0.64,
      0.86,
      0.9,
      0.88,
      0.88,
      0.88,
      0.88,
      0.88,
      0.88,
      0.88,
      0.88,
      0.88,
      0.88,
      0.88,
      0.88,
      0.88,
      0.88,
      0.88,
      0.88,
      0.88,
      0.88,
      0.88,
      0.88,
      0.88,
      0.88,
      0.88,
      0.88,
      0.88,
      0.88,
      0.88,
      0.88,
      0.88,
      0.88,
      0.88,
      0.88,
      0.88,
      0.88,
      0.88,
      0.88,
      0.88,
      0.88,
      0.88,
      0.88,
      0.88,
      0.88,
      0.88,
      0.88,
      0.88,
      0.88,
      0.88,
      0.88,
      0.88
    ]
  },
  "train_correct": {
    "steps": [
      1,
      2,
      3,
      4,
      5,
      6,
      7,
      8,
      9,
      10,
      11,
      12,
      13,
      14,
      15,
      16,
      17,
      18,
      19,
      20,
      21,
      22,
      23,
      24,
      25,
      26,
      27,
      28,
      29,
      30,
      31,
      32,
      33,
      34,
      35,
      36,
      37,
      38,
      39,
      40,
      41,
      42,
      43,
      44,
      45,
      46,
      47,
      48,
      49,
      50,
      51,
      52,
      53,
      54,
      55,
      56,
      57,
      58,
      59,
      60,
      61,
      62,
      63,
      64,
      65,
      66,
      67,
      68,
      69,
      70,
      71,
      72,
      73,
      74,
      75,
      76,
      77,
      78,
      79,
      80,
      81,
      82,
      83,
      84,
      85,
      86,
      87,
      88,
      89,
      90,
      91,
      92,
      93,
      94,
      95,
      96,
      97,
      98,
      99,
      100,
      101,
      102,
      103,
      104,
      105,
      106,
      107,
      108,
      109,
      110,
      111,
      112,
      113,
      114,
      115,
      116,
      117,
      118,
      119,
      120,
      121,
      122,
      123,
      124,
      125,
      126,
      127,
      128,
      129,
      130,
      131,
      132,
      133,
      134,
      135,
      136,
      137,
      138,
      139,
      140,
      141,
      142,
      143,
      144,
      145,
      146,
      147,
      148,
      149,
      150,
      151,
      152,
      153,
      154,
      155,
      156,
      157,
      158,
      159,
      160,
      161,
      162,
      163,
      164,
      165,
      166,
      167,
      168,
      169,
      170,
      171,
      172,
      173,
      174,
      175,
      176,
      177,
      178,
      179,
      180,
      181,
      182,
      183,
      184,
      185,
      186,
      187,
      188,
      189,
      190,
      191,
      192,
      193,
      194,
      195,
      196,
      197,
      198,
      199,
      200,
      201,
      202,
      203,
      204,
      205,
      206,
      207,
      208,
      209,
      210,
      211,
      212,
      213,
      214,
      215,
      216,
      217,
      218,
      219,
      220,
      221,
      222,
      223,
      224,
      225,
      226,
      227,
      228,
      229,
      230,
      231,
      232,
      233,
      234,
      235,
      236,
      237,
      238,
      239,
      240,
      241,
      242,
      243,
      244,
      245,
      246,
      247,
      248,
      249,
      250,
      251,
      252,
      253,
      254,
      255,
      256,
      257,
      258,
      259,
      260,
      261,
      262,
      263,
      264,
      265,
      266,
      267,
      268,
      269,
      270,
      271,
      272,
      273,
      274,
      275,
      276,
      277,
      278,
      279,
      280,
      281,
      282,
      283,
      284,
      285,
      286,
      287,
      288,
      289,
      290,
      291,
      292,
      293,
      294,
      295,
      296,
      297,
      298,
      299,
      300,
      301,
      302,
      303,
      304,
      305,
      306,
      307,
      308,
      309,
      310,
      311,
      312,
      313,
      314,
      315,
      316,
      317,
      318,
      319,
      320,
      321,
      322,
      323,
      324,
      325,
      326,
      327,
      328,
      329,
      330,
      331,
      332,
      333,
      334,
      335,
      336,
      337,
      338,
      339,
      340,
      341,
      342,
      343,
      344,
      345,
      346,
      347,
      348,
      349,
      350,
      351,
      352,
      353,
      354,
      355,
      356,
      357,
      358,
      359,
      360,
      361,
      362,
      363,
      364,
      365,
      366,
      367,
      368,
      369,
      370,
      371,
      372,
      373,
      374,
      375,
      376,
      377,
      378,
      379,
      380,
      381,
      382,
      383,
      384,
      385,
      386,
      387,
      388,
      389,
      390,
      391,
      392,
      393,
      394,
      395,
      396,
      397,
      398,
      399,
      400,
      401,
      402,
      403,
      404,
      405,
      406,
      407,
      408,
      409,
      410,
      411,
      412,
      413,
      414,
      415,
      416,
      417,
      418,
      419,
      420,
      421,
      422,
      423,
      424,
      425,
      426,
      427,
      428,
      429,
      430,
      431,
      432,
      433,
      434,
      435,
      436,
      437,
      438,
      439,
      440,
      441,
      442,
      443,
      444,
      445,
      446,
      447,
      448,
      449,
      450,
      451,
      452,
      453,
      454,
      455,
      456,
      457,
      458,
      459,
      460,
      461,
      462,
      463,
      464,
      465,
      466,
      467,
      468,
      469,
      470,
      471,
      472,
      473,
      474,
      475,
      476,
      477,
      478,
      479,
      480,
      481,
      482,
      483,
      484,
      485,
      486,
      487,
      488,
      489,
      490,
      491,
      492,
      493,
      494,
      495,
      496,
      497,
      498,
      499,
      500,
      501,
      502,
      503,
      504,
      505,
      506,
      507,
      508,
      509,
      510,
      511,
      512,
      513,
      514,
      515,
      516,
      517,
      518,
      519,
      520,
      521,
      522,
      523,
      524,
      525,
      526,
      527,
      528,
      529,
      530,
      531,
      532,
      533,
      534,
      535,
      536,
      537,
      538,
      539,
      540,
      541,
      542,
      543,
      544,
      545,
      546,
      547,
      548,
      549,
      550,
      551,
      552,
      553,
      554,
      555,
      556,
      557,
      558,
      559,
      560,
      561,
      562,
      563,
      564,
      565,
      566,
      567,
      568,
      569,
      570,
      571,
      572,
      573,
      574,
      575,
      576,
      577,
      578,
      579,
      580,
      581,
      582,
      583,
      584,
      585,
      586,
      587,
      588,
      589,
      590,
      591,
      592,
      593,
      594,
      595,
      596,
      597,
      598,
      599,
      600,
      601,
      602,
      603,
      604,
      605,
      606,
      607,
      608,
      609,
      610,
      611,
      612,
      613,
      614,
      615,
      616,
      617,
      618,
      619,
      620,
      621,
      622,
      623,
      624,
      625,
      626,
      627,
      628,
      629,
      630,
      631,
      632,
      633,
      634,
      635,
      636,
      637,
      638,
      639,
      640,
      641,
      642,
      643,
      644,
      645,
      646,
      647,
      648,
      649,
      650,
      651,
      652,
      653,
      654,
      655,
      656,
      657,
      658,
      659,
      660,
      661,
      662,
      663,
      664,
      665,
      666,
      667,
      668,
      669,
      670,
      671,
      672,
      673,
      674,
      675,
      676,
      677,
      678,
      679,
      680,
      681,
      682,
      683,
      684,
      685,
      686,
      687,
      688,
      689,
      690,
      691,
      692,
      693,
      694,
      695,
      696,
      697,
      698,
      699,
      700,
      701,
      702,
      703,
      704,
      705,
      706,
      707,
      708,
      709,
      710,
      711,
      712,
      713,
      714,
      715,
      716,
      717,
      718,
      719,
      720,
      721,
      722,
      723,
      724,
      725,
      726,
      727,
      728,
      729,
      730,
      731,
      732,
      733,
      734,
      735,
      736,
      737,
      738,
      739,
      740,
      741,
      742,
      743,
      744,
      745,
      746,
      747,
      748,
      749,
      750,
      751,
      752,
      753,
      754,
      755,
      756,
      757,
      758,
      759,
      760,
      761,
      762,
      763,
      764,
      765,
      766,
      767,
      768,
      769,
      770,
      771,
      772,
      773,
      774,
      775,
      776,
      777,
      778,
      779,
      780,
      781,
      782,
      783,
      784,
      785,
      786,
      787,
      788,
      789,
      790,
      791,
      792,
      793,
      794,
      795,
      796,
      797,
      798,
      799,
      800,
      801,
      802,
      803,
      804,
      805,
      806,
      807,
      808,
      809,
      810,
      811,
      812,
      813,
      814,
      815,
      816,
      817,
      818,
      819,
      820,
      821,
      822,
      823,
      824,
      825,
      826,
      827,
      828,
      829,
      830,
      831,
      832,
      833,
      834,
      835,
      836,
      837,
      838,
      839,
      840,
      841,
      842,
      843,
      844,
      845,
      846,
      847,
      848,
      849,
      850,
      851,
      852,
      853,
      854,
      855,
      856,
      857,
      858,
      859,
      860,
      861,
      862,
      863,
      864,
      865,
      866,
      867,
      868,
      869,
      870,
      871,
      872,
      873,
      874,
      875,
      876,
      877,
      878,
      879,
      880,
      881,
      882,
      883,
      884,
      885,
      886,
      887,
      888,
      889,
      890,
      891,
      892,
      893,
      894,
      895,
      896,
      897,
      898,
      899,
      900,
      901,
      902,
      903,
      904,
      905,
      906,
      907,
      908,
      909,
      910,
      911,
      912,
      913,
      914,
      915,
      916,
      917,
      918,
      919,
      920,
      921,
      922,
      923,
      924,
      925,
      926,
      927,
      928,
      929,
      930,
      931,
      932,
      933,
      934,
      935,
      936,
      937,
      938,
      939,
      940,
      941,
      942,
      943,
      944,
      945,
      946,
      947,
      948,
      949,
      950,
      951,
      952,
      953,
      954,
      955,
      956,
      957,
      958,
      959,
      960,
      961,
      962,
      963,
      964,
      965,
      966,
      967,
      968,
      969,
      970,
      971,
      972,
      973,
      974,
      975,
      976,
      977,
      978,
      979,
      980,
      981,
      982,
      983,
      984,
      985,
      986,
      987,
      988,
      989,
      990,
      991,
      992,
      993,
      994,
      995,
      996,
      997,
      998,
      999,
      1000,
      1001,
      1002,
      1003,
      1004,
      1005,
      1006,
      1007,
      1008,
      1009,
      1010,
      1011,
      1012,
      1013,
      1014,
      1015,
      1016,
      1017,
      1018,
      1019,
      1020,
      1021,
      1022,
      1023,
      1024,
      1025,
      1026,
      1027,
      1028,
      1029,
      1030,
      1031,
      1032,
      1033,
      1034,
      1035,
      1036,
      1037,
      1038,
      1039,
      1040,
      1041,
      1042,
      1043,
      1044,
      1045,
      1046,
      1047,
      1048,
      1049,
      1050
    ],
    "timestamps": [
      "2024-10-11T23:56:34.050421",
      "2024-10-11T23:56:34.050503",
      "2024-10-11T23:56:34.050530",
      "2024-10-11T23:56:34.050558",
      "2024-10-11T23:56:34.050576",
      "2024-10-11T23:56:34.050592",
      "2024-10-11T23:56:34.050608",
      "2024-10-11T23:56:34.050624",
      "2024-10-11T23:56:34.050640",
      "2024-10-11T23:56:34.050656",
      "2024-10-11T23:56:34.050671",
      "2024-10-11T23:56:34.050686",
      "2024-10-11T23:56:34.050702",
      "2024-10-11T23:56:34.050718",
      "2024-10-11T23:56:34.050732",
      "2024-10-11T23:56:34.050747",
      "2024-10-11T23:56:34.050762",
      "2024-10-11T23:56:34.050776",
      "2024-10-11T23:56:34.050791",
      "2024-10-11T23:56:34.050931",
      "2024-10-11T23:56:34.050946",
      "2024-10-11T23:56:34.050963",
      "2024-10-11T23:56:34.050983",
      "2024-10-11T23:56:34.051001",
      "2024-10-11T23:56:34.051018",
      "2024-10-11T23:56:34.051035",
      "2024-10-11T23:56:34.051053",
      "2024-10-11T23:56:34.051070",
      "2024-10-11T23:56:34.051087",
      "2024-10-11T23:56:34.051104",
      "2024-10-11T23:56:34.051122",
      "2024-10-11T23:56:34.051139",
      "2024-10-11T23:56:34.051156",
      "2024-10-11T23:56:34.051173",
      "2024-10-11T23:56:34.051190",
      "2024-10-11T23:56:34.051208",
      "2024-10-11T23:56:34.051225",
      "2024-10-11T23:56:34.051242",
      "2024-10-11T23:56:34.051259",
      "2024-10-11T23:56:34.051543",
      "2024-10-11T23:56:34.051561",
      "2024-10-11T23:56:34.051578",
      "2024-10-11T23:56:34.051595",
      "2024-10-11T23:56:34.051612",
      "2024-10-11T23:56:34.051630",
      "2024-10-11T23:56:34.051647",
      "2024-10-11T23:56:34.051664",
      "2024-10-11T23:56:34.051681",
      "2024-10-11T23:56:34.051699",
      "2024-10-11T23:56:34.051716",
      "2024-10-11T23:56:34.051733",
      "2024-10-11T23:56:34.051750",
      "2024-10-11T23:56:34.051767",
      "2024-10-11T23:56:34.051787",
      "2024-10-11T23:56:34.051804",
      "2024-10-11T23:56:34.051821",
      "2024-10-11T23:56:34.051838",
      "2024-10-11T23:56:34.051856",
      "2024-10-11T23:56:34.051873",
      "2024-10-11T23:56:34.052145",
      "2024-10-11T23:56:34.052163",
      "2024-10-11T23:56:34.052189",
      "2024-10-11T23:56:34.052206",
      "2024-10-11T23:56:34.052223",
      "2024-10-11T23:56:34.052240",
      "2024-10-11T23:56:34.052258",
      "2024-10-11T23:56:34.052275",
      "2024-10-11T23:56:34.052292",
      "2024-10-11T23:56:34.052309",
      "2024-10-11T23:56:34.052326",
      "2024-10-11T23:56:34.052330",
      "2024-10-11T23:56:34.052333",
      "2024-10-11T23:56:34.052336",
      "2024-10-11T23:56:34.052340",
      "2024-10-11T23:56:34.052343",
      "2024-10-11T23:56:34.052346",
      "2024-10-11T23:56:34.052350",
      "2024-10-11T23:56:34.052354",
      "2024-10-11T23:56:34.052359",
      "2024-10-11T23:56:34.052641",
      "2024-10-11T23:56:34.052644",
      "2024-10-11T23:56:34.052648",
      "2024-10-11T23:56:34.052651",
      "2024-10-11T23:56:34.052655",
      "2024-10-11T23:56:34.052659",
      "2024-10-11T23:56:34.052662",
      "2024-10-11T23:56:34.052666",
      "2024-10-11T23:56:34.052669",
      "2024-10-11T23:56:34.052673",
      "2024-10-11T23:56:34.052676",
      "2024-10-11T23:56:34.052680",
      "2024-10-11T23:56:34.052684",
      "2024-10-11T23:56:34.052687",
      "2024-10-11T23:56:34.052691",
      "2024-10-11T23:56:34.052694",
      "2024-10-11T23:56:34.052698",
      "2024-10-11T23:56:34.052701",
      "2024-10-11T23:56:34.052704",
      "2024-10-11T23:56:34.052708",
      "2024-10-11T23:56:34.052973",
      "2024-10-11T23:56:34.052977",
      "2024-10-11T23:56:34.052980",
      "2024-10-11T23:56:34.052984",
      "2024-10-11T23:56:34.052987",
      "2024-10-11T23:56:34.052991",
      "2024-10-11T23:56:34.052994",
      "2024-10-11T23:56:34.052998",
      "2024-10-11T23:56:34.053001",
      "2024-10-11T23:56:34.053005",
      "2024-10-11T23:56:34.053008",
      "2024-10-11T23:56:34.053012",
      "2024-10-11T23:56:34.053015",
      "2024-10-11T23:56:34.053019",
      "2024-10-11T23:56:34.053022",
      "2024-10-11T23:56:34.053025",
      "2024-10-11T23:56:34.053029",
      "2024-10-11T23:56:34.053032",
      "2024-10-11T23:56:34.053035",
      "2024-10-11T23:56:34.053039",
      "2024-10-11T23:56:34.053294",
      "2024-10-11T23:56:34.053297",
      "2024-10-11T23:56:34.053300",
      "2024-10-11T23:56:34.053304",
      "2024-10-11T23:56:34.053307",
      "2024-10-11T23:56:34.053311",
      "2024-10-11T23:56:34.053315",
      "2024-10-11T23:56:34.053318",
      "2024-10-11T23:56:34.053321",
      "2024-10-11T23:56:34.053325",
      "2024-10-11T23:56:34.053328",
      "2024-10-11T23:56:34.053331",
      "2024-10-11T23:56:34.053335",
      "2024-10-11T23:56:34.053338",
      "2024-10-11T23:56:34.053341",
      "2024-10-11T23:56:34.053344",
      "2024-10-11T23:56:34.053347",
      "2024-10-11T23:56:34.053351",
      "2024-10-11T23:56:34.053354",
      "2024-10-11T23:56:34.053357",
      "2024-10-11T23:56:34.053608",
      "2024-10-11T23:56:34.053611",
      "2024-10-11T23:56:34.053614",
      "2024-10-11T23:56:34.053618",
      "2024-10-11T23:56:34.053621",
      "2024-10-11T23:56:34.053624",
      "2024-10-11T23:56:34.053628",
      "2024-10-11T23:56:34.053631",
      "2024-10-11T23:56:34.053634",
      "2024-10-11T23:56:34.053638",
      "2024-10-11T23:56:34.053641",
      "2024-10-11T23:56:34.053644",
      "2024-10-11T23:56:34.053647",
      "2024-10-11T23:56:34.053651",
      "2024-10-11T23:56:34.053654",
      "2024-10-11T23:56:34.053657",
      "2024-10-11T23:56:34.053660",
      "2024-10-11T23:56:34.053664",
      "2024-10-11T23:56:34.053667",
      "2024-10-11T23:56:34.053670",
      "2024-10-11T23:56:34.053920",
      "2024-10-11T23:56:34.053924",
      "2024-10-11T23:56:34.053927",
      "2024-10-11T23:56:34.053930",
      "2024-10-11T23:56:34.053934",
      "2024-10-11T23:56:34.053937",
      "2024-10-11T23:56:34.053940",
      "2024-10-11T23:56:34.053943",
      "2024-10-11T23:56:34.053947",
      "2024-10-11T23:56:34.053950",
      "2024-10-11T23:56:34.053953",
      "2024-10-11T23:56:34.053956",
      "2024-10-11T23:56:34.053960",
      "2024-10-11T23:56:34.053963",
      "2024-10-11T23:56:34.053966",
      "2024-10-11T23:56:34.053969",
      "2024-10-11T23:56:34.053972",
      "2024-10-11T23:56:34.053976",
      "2024-10-11T23:56:34.053979",
      "2024-10-11T23:56:34.053982",
      "2024-10-11T23:56:34.054244",
      "2024-10-11T23:56:34.054248",
      "2024-10-11T23:56:34.054251",
      "2024-10-11T23:56:34.054254",
      "2024-10-11T23:56:34.054258",
      "2024-10-11T23:56:34.054261",
      "2024-10-11T23:56:34.054265",
      "2024-10-11T23:56:34.054268",
      "2024-10-11T23:56:34.054272",
      "2024-10-11T23:56:34.054275",
      "2024-10-11T23:56:34.054278",
      "2024-10-11T23:56:34.054282",
      "2024-10-11T23:56:34.054285",
      "2024-10-11T23:56:34.054289",
      "2024-10-11T23:56:34.054292",
      "2024-10-11T23:56:34.054296",
      "2024-10-11T23:56:34.054299",
      "2024-10-11T23:56:34.054303",
      "2024-10-11T23:56:34.054306",
      "2024-10-11T23:56:34.054309",
      "2024-10-11T23:56:34.054567",
      "2024-10-11T23:56:34.054571",
      "2024-10-11T23:56:34.054574",
      "2024-10-11T23:56:34.054577",
      "2024-10-11T23:56:34.054581",
      "2024-10-11T23:56:34.054584",
      "2024-10-11T23:56:34.054587",
      "2024-10-11T23:56:34.054590",
      "2024-10-11T23:56:34.054594",
      "2024-10-11T23:56:34.054597",
      "2024-10-11T23:56:34.054600",
      "2024-10-11T23:56:34.054603",
      "2024-10-11T23:56:34.054607",
      "2024-10-11T23:56:34.054610",
      "2024-10-11T23:56:34.054613",
      "2024-10-11T23:56:34.054617",
      "2024-10-11T23:56:34.054620",
      "2024-10-11T23:56:34.054623",
      "2024-10-11T23:56:34.054626",
      "2024-10-11T23:56:34.054630",
      "2024-10-11T23:56:34.054880",
      "2024-10-11T23:56:34.054884",
      "2024-10-11T23:56:34.054887",
      "2024-10-11T23:56:34.054890",
      "2024-10-11T23:56:34.054894",
      "2024-10-11T23:56:34.054897",
      "2024-10-11T23:56:34.054900",
      "2024-10-11T23:56:34.054905",
      "2024-10-11T23:56:34.054909",
      "2024-10-11T23:56:34.054912",
      "2024-10-11T23:56:34.054915",
      "2024-10-11T23:56:34.054919",
      "2024-10-11T23:56:34.054922",
      "2024-10-11T23:56:34.054925",
      "2024-10-11T23:56:34.054929",
      "2024-10-11T23:56:34.054932",
      "2024-10-11T23:56:34.054935",
      "2024-10-11T23:56:34.054939",
      "2024-10-11T23:56:34.054942",
      "2024-10-11T23:56:34.054945",
      "2024-10-11T23:56:34.055202",
      "2024-10-11T23:56:34.055205",
      "2024-10-11T23:56:34.055208",
      "2024-10-11T23:56:34.055212",
      "2024-10-11T23:56:34.055215",
      "2024-10-11T23:56:34.055218",
      "2024-10-11T23:56:34.055222",
      "2024-10-11T23:56:34.055225",
      "2024-10-11T23:56:34.055229",
      "2024-10-11T23:56:34.055232",
      "2024-10-11T23:56:34.055235",
      "2024-10-11T23:56:34.055238",
      "2024-10-11T23:56:34.055242",
      "2024-10-11T23:56:34.055245",
      "2024-10-11T23:56:34.055248",
      "2024-10-11T23:56:34.055252",
      "2024-10-11T23:56:34.055255",
      "2024-10-11T23:56:34.055259",
      "2024-10-11T23:56:34.055262",
      "2024-10-11T23:56:34.055266",
      "2024-10-11T23:56:34.055533",
      "2024-10-11T23:56:34.055537",
      "2024-10-11T23:56:34.055540",
      "2024-10-11T23:56:34.055544",
      "2024-10-11T23:56:34.055547",
      "2024-10-11T23:56:34.055550",
      "2024-10-11T23:56:34.055583",
      "2024-10-11T23:56:34.055587",
      "2024-10-11T23:56:34.055590",
      "2024-10-11T23:56:34.055594",
      "2024-10-11T23:56:34.055597",
      "2024-10-11T23:56:34.055601",
      "2024-10-11T23:56:34.055604",
      "2024-10-11T23:56:34.055608",
      "2024-10-11T23:56:34.055611",
      "2024-10-11T23:56:34.055615",
      "2024-10-11T23:56:34.055618",
      "2024-10-11T23:56:34.055622",
      "2024-10-11T23:56:34.055625",
      "2024-10-11T23:56:34.055629",
      "2024-10-11T23:56:34.055892",
      "2024-10-11T23:56:34.055896",
      "2024-10-11T23:56:34.055899",
      "2024-10-11T23:56:34.055902",
      "2024-10-11T23:56:34.055906",
      "2024-10-11T23:56:34.055909",
      "2024-10-11T23:56:34.055912",
      "2024-10-11T23:56:34.055916",
      "2024-10-11T23:56:34.055919",
      "2024-10-11T23:56:34.055923",
      "2024-10-11T23:56:34.055926",
      "2024-10-11T23:56:34.055929",
      "2024-10-11T23:56:34.055932",
      "2024-10-11T23:56:34.055936",
      "2024-10-11T23:56:34.055939",
      "2024-10-11T23:56:34.055942",
      "2024-10-11T23:56:34.055946",
      "2024-10-11T23:56:34.055949",
      "2024-10-11T23:56:34.055953",
      "2024-10-11T23:56:34.055956",
      "2024-10-11T23:56:34.056216",
      "2024-10-11T23:56:34.056219",
      "2024-10-11T23:56:34.056222",
      "2024-10-11T23:56:34.056226",
      "2024-10-11T23:56:34.056229",
      "2024-10-11T23:56:34.056232",
      "2024-10-11T23:56:34.056236",
      "2024-10-11T23:56:34.056239",
      "2024-10-11T23:56:34.056242",
      "2024-10-11T23:56:34.056246",
      "2024-10-11T23:56:34.056249",
      "2024-10-11T23:56:34.056252",
      "2024-10-11T23:56:34.056256",
      "2024-10-11T23:56:34.056259",
      "2024-10-11T23:56:34.056262",
      "2024-10-11T23:56:34.056266",
      "2024-10-11T23:56:34.056269",
      "2024-10-11T23:56:34.056272",
      "2024-10-11T23:56:34.056275",
      "2024-10-11T23:56:34.056279",
      "2024-10-11T23:56:34.056541",
      "2024-10-11T23:56:34.056544",
      "2024-10-11T23:56:34.056547",
      "2024-10-11T23:56:34.056551",
      "2024-10-11T23:56:34.056554",
      "2024-10-11T23:56:34.056557",
      "2024-10-11T23:56:34.056561",
      "2024-10-11T23:56:34.056564",
      "2024-10-11T23:56:34.056567",
      "2024-10-11T23:56:34.056572",
      "2024-10-11T23:56:34.056575",
      "2024-10-11T23:56:34.056579",
      "2024-10-11T23:56:34.056582",
      "2024-10-11T23:56:34.056585",
      "2024-10-11T23:56:34.056589",
      "2024-10-11T23:56:34.056592",
      "2024-10-11T23:56:34.056595",
      "2024-10-11T23:56:34.056598",
      "2024-10-11T23:56:34.056602",
      "2024-10-11T23:56:34.056605",
      "2024-10-11T23:56:34.056862",
      "2024-10-11T23:56:34.056866",
      "2024-10-11T23:56:34.056869",
      "2024-10-11T23:56:34.056872",
      "2024-10-11T23:56:34.056876",
      "2024-10-11T23:56:34.056879",
      "2024-10-11T23:56:34.056883",
      "2024-10-11T23:56:34.056886",
      "2024-10-11T23:56:34.056889",
      "2024-10-11T23:56:34.056893",
      "2024-10-11T23:56:34.056896",
      "2024-10-11T23:56:34.056899",
      "2024-10-11T23:56:34.056903",
      "2024-10-11T23:56:34.056906",
      "2024-10-11T23:56:34.056909",
      "2024-10-11T23:56:34.056912",
      "2024-10-11T23:56:34.056916",
      "2024-10-11T23:56:34.056919",
      "2024-10-11T23:56:34.056922",
      "2024-10-11T23:56:34.056926",
      "2024-10-11T23:56:34.057187",
      "2024-10-11T23:56:34.057191",
      "2024-10-11T23:56:34.057194",
      "2024-10-11T23:56:34.057198",
      "2024-10-11T23:56:34.057201",
      "2024-10-11T23:56:34.057204",
      "2024-10-11T23:56:34.057208",
      "2024-10-11T23:56:34.057211",
      "2024-10-11T23:56:34.057215",
      "2024-10-11T23:56:34.057218",
      "2024-10-11T23:56:34.057222",
      "2024-10-11T23:56:34.057225",
      "2024-10-11T23:56:34.057229",
      "2024-10-11T23:56:34.057234",
      "2024-10-11T23:56:34.057239",
      "2024-10-11T23:56:34.057243",
      "2024-10-11T23:56:34.057248",
      "2024-10-11T23:56:34.057251",
      "2024-10-11T23:56:34.057255",
      "2024-10-11T23:56:34.057259",
      "2024-10-11T23:56:34.057533",
      "2024-10-11T23:56:34.057537",
      "2024-10-11T23:56:34.057540",
      "2024-10-11T23:56:34.057544",
      "2024-10-11T23:56:34.057547",
      "2024-10-11T23:56:34.057551",
      "2024-10-11T23:56:34.057554",
      "2024-10-11T23:56:34.057558",
      "2024-10-11T23:56:34.057562",
      "2024-10-11T23:56:34.057565",
      "2024-10-11T23:56:34.057569",
      "2024-10-11T23:56:34.057572",
      "2024-10-11T23:56:34.057576",
      "2024-10-11T23:56:34.057579",
      "2024-10-11T23:56:34.057583",
      "2024-10-11T23:56:34.057586",
      "2024-10-11T23:56:34.057590",
      "2024-10-11T23:56:34.057593",
      "2024-10-11T23:56:34.057597",
      "2024-10-11T23:56:34.057600",
      "2024-10-11T23:56:34.057873",
      "2024-10-11T23:56:34.057877",
      "2024-10-11T23:56:34.057881",
      "2024-10-11T23:56:34.057884",
      "2024-10-11T23:56:34.057888",
      "2024-10-11T23:56:34.057891",
      "2024-10-11T23:56:34.057895",
      "2024-10-11T23:56:34.057898",
      "2024-10-11T23:56:34.057902",
      "2024-10-11T23:56:34.057905",
      "2024-10-11T23:56:34.057909",
      "2024-10-11T23:56:34.057912",
      "2024-10-11T23:56:34.057916",
      "2024-10-11T23:56:34.057919",
      "2024-10-11T23:56:34.057923",
      "2024-10-11T23:56:34.057926",
      "2024-10-11T23:56:34.057930",
      "2024-10-11T23:56:34.057934",
      "2024-10-11T23:56:34.057937",
      "2024-10-11T23:56:34.057941",
      "2024-10-11T23:56:34.058235",
      "2024-10-11T23:56:34.058239",
      "2024-10-11T23:56:34.058244",
      "2024-10-11T23:56:34.058249",
      "2024-10-11T23:56:34.058254",
      "2024-10-11T23:56:34.058258",
      "2024-10-11T23:56:34.058261",
      "2024-10-11T23:56:34.058265",
      "2024-10-11T23:56:34.058268",
      "2024-10-11T23:56:34.058271",
      "2024-10-11T23:56:34.058274",
      "2024-10-11T23:56:34.058282",
      "2024-10-11T23:56:34.058285",
      "2024-10-11T23:56:34.058289",
      "2024-10-11T23:56:34.058292",
      "2024-10-11T23:56:34.058295",
      "2024-10-11T23:56:34.058298",
      "2024-10-11T23:56:34.058302",
      "2024-10-11T23:56:34.058305",
      "2024-10-11T23:56:34.058308",
      "2024-10-11T23:56:34.058587",
      "2024-10-11T23:56:34.058591",
      "2024-10-11T23:56:34.058594",
      "2024-10-11T23:56:34.058598",
      "2024-10-11T23:56:34.058601",
      "2024-10-11T23:56:34.058604",
      "2024-10-11T23:56:34.058608",
      "2024-10-11T23:56:34.058611",
      "2024-10-11T23:56:34.058615",
      "2024-10-11T23:56:34.058618",
      "2024-10-11T23:56:34.058621",
      "2024-10-11T23:56:34.058625",
      "2024-10-11T23:56:34.058628",
      "2024-10-11T23:56:34.058631",
      "2024-10-11T23:56:34.058635",
      "2024-10-11T23:56:34.058638",
      "2024-10-11T23:56:34.058641",
      "2024-10-11T23:56:34.058645",
      "2024-10-11T23:56:34.058648",
      "2024-10-11T23:56:34.058651",
      "2024-10-11T23:56:34.058908",
      "2024-10-11T23:56:34.058912",
      "2024-10-11T23:56:34.058915",
      "2024-10-11T23:56:34.058919",
      "2024-10-11T23:56:34.058922",
      "2024-10-11T23:56:34.058925",
      "2024-10-11T23:56:34.058929",
      "2024-10-11T23:56:34.058932",
      "2024-10-11T23:56:34.058935",
      "2024-10-11T23:56:34.058939",
      "2024-10-11T23:56:34.058942",
      "2024-10-11T23:56:34.058946",
      "2024-10-11T23:56:34.058949",
      "2024-10-11T23:56:34.058952",
      "2024-10-11T23:56:34.058955",
      "2024-10-11T23:56:34.058959",
      "2024-10-11T23:56:34.058962",
      "2024-10-11T23:56:34.058965",
      "2024-10-11T23:56:34.058969",
      "2024-10-11T23:56:34.058972",
      "2024-10-11T23:56:34.059229",
      "2024-10-11T23:56:34.059232",
      "2024-10-11T23:56:34.059235",
      "2024-10-11T23:56:34.059239",
      "2024-10-11T23:56:34.059242",
      "2024-10-11T23:56:34.059245",
      "2024-10-11T23:56:34.059249",
      "2024-10-11T23:56:34.059252",
      "2024-10-11T23:56:34.059255",
      "2024-10-11T23:56:34.059259",
      "2024-10-11T23:56:34.059262",
      "2024-10-11T23:56:34.059265",
      "2024-10-11T23:56:34.059268",
      "2024-10-11T23:56:34.059272",
      "2024-10-11T23:56:34.059275",
      "2024-10-11T23:56:34.059278",
      "2024-10-11T23:56:34.059282",
      "2024-10-11T23:56:34.059286",
      "2024-10-11T23:56:34.059289",
      "2024-10-11T23:56:34.059292",
      "2024-10-11T23:56:34.059549",
      "2024-10-11T23:56:34.059552",
      "2024-10-11T23:56:34.059555",
      "2024-10-11T23:56:34.059559",
      "2024-10-11T23:56:34.059567",
      "2024-10-11T23:56:34.059570",
      "2024-10-11T23:56:34.059574",
      "2024-10-11T23:56:34.059577",
      "2024-10-11T23:56:34.059580",
      "2024-10-11T23:56:34.059583",
      "2024-10-11T23:56:34.059587",
      "2024-10-11T23:56:34.059590",
      "2024-10-11T23:56:34.059593",
      "2024-10-11T23:56:34.059597",
      "2024-10-11T23:56:34.059600",
      "2024-10-11T23:56:34.059603",
      "2024-10-11T23:56:34.059606",
      "2024-10-11T23:56:34.059610",
      "2024-10-11T23:56:34.059613",
      "2024-10-11T23:56:34.059616",
      "2024-10-11T23:56:34.059872",
      "2024-10-11T23:56:34.059876",
      "2024-10-11T23:56:34.059885",
      "2024-10-11T23:56:34.059888",
      "2024-10-11T23:56:34.059892",
      "2024-10-11T23:56:34.059895",
      "2024-10-11T23:56:34.059900",
      "2024-10-11T23:56:34.059904",
      "2024-10-11T23:56:34.059907",
      "2024-10-11T23:56:34.059910",
      "2024-10-11T23:56:34.059914",
      "2024-10-11T23:56:34.059917",
      "2024-10-11T23:56:34.059921",
      "2024-10-11T23:56:34.059925",
      "2024-10-11T23:56:34.059928",
      "2024-10-11T23:56:34.059932",
      "2024-10-11T23:56:34.059935",
      "2024-10-11T23:56:34.059938",
      "2024-10-11T23:56:34.059942",
      "2024-10-11T23:56:34.059945",
      "2024-10-11T23:56:34.060207",
      "2024-10-11T23:56:34.060211",
      "2024-10-11T23:56:34.060214",
      "2024-10-11T23:56:34.060218",
      "2024-10-11T23:56:34.060221",
      "2024-10-11T23:56:34.060225",
      "2024-10-11T23:56:34.060228",
      "2024-10-11T23:56:34.060231",
      "2024-10-11T23:56:34.060235",
      "2024-10-11T23:56:34.060238",
      "2024-10-11T23:56:34.060241",
      "2024-10-11T23:56:34.060245",
      "2024-10-11T23:56:34.060248",
      "2024-10-11T23:56:34.060251",
      "2024-10-11T23:56:34.060255",
      "2024-10-11T23:56:34.060258",
      "2024-10-11T23:56:34.060261",
      "2024-10-11T23:56:34.060265",
      "2024-10-11T23:56:34.060268",
      "2024-10-11T23:56:34.060271",
      "2024-10-11T23:56:34.060532",
      "2024-10-11T23:56:34.060536",
      "2024-10-11T23:56:34.060539",
      "2024-10-11T23:56:34.060542",
      "2024-10-11T23:56:34.060546",
      "2024-10-11T23:56:34.060549",
      "2024-10-11T23:56:34.060554",
      "2024-10-11T23:56:34.060558",
      "2024-10-11T23:56:34.060561",
      "2024-10-11T23:56:34.060564",
      "2024-10-11T23:56:34.060568",
      "2024-10-11T23:56:34.060571",
      "2024-10-11T23:56:34.060574",
      "2024-10-11T23:56:34.060578",
      "2024-10-11T23:56:34.060581",
      "2024-10-11T23:56:34.060584",
      "2024-10-11T23:56:34.060587",
      "2024-10-11T23:56:34.060591",
      "2024-10-11T23:56:34.060594",
      "2024-10-11T23:56:34.060598",
      "2024-10-11T23:56:34.060855",
      "2024-10-11T23:56:34.060858",
      "2024-10-11T23:56:34.060862",
      "2024-10-11T23:56:34.060865",
      "2024-10-11T23:56:34.060868",
      "2024-10-11T23:56:34.060872",
      "2024-10-11T23:56:34.060875",
      "2024-10-11T23:56:34.060878",
      "2024-10-11T23:56:34.060882",
      "2024-10-11T23:56:34.060885",
      "2024-10-11T23:56:34.060889",
      "2024-10-11T23:56:34.060892",
      "2024-10-11T23:56:34.060895",
      "2024-10-11T23:56:34.060898",
      "2024-10-11T23:56:34.060902",
      "2024-10-11T23:56:34.060905",
      "2024-10-11T23:56:34.060908",
      "2024-10-11T23:56:34.060912",
      "2024-10-11T23:56:34.060915",
      "2024-10-11T23:56:34.060918",
      "2024-10-11T23:56:34.061175",
      "2024-10-11T23:56:34.061178",
      "2024-10-11T23:56:34.061191",
      "2024-10-11T23:56:34.061195",
      "2024-10-11T23:56:34.061200",
      "2024-10-11T23:56:34.061204",
      "2024-10-11T23:56:34.061207",
      "2024-10-11T23:56:34.061447",
      "2024-10-11T23:56:34.061452",
      "2024-10-11T23:56:34.061456",
      "2024-10-11T23:56:34.061461",
      "2024-10-11T23:56:34.061466",
      "2024-10-11T23:56:34.061470",
      "2024-10-11T23:56:34.061474",
      "2024-10-11T23:56:34.061479",
      "2024-10-11T23:56:34.061482",
      "2024-10-11T23:56:34.061485",
      "2024-10-11T23:56:34.061489",
      "2024-10-11T23:56:34.061492",
      "2024-10-11T23:56:34.061495",
      "2024-10-11T23:56:34.061770",
      "2024-10-11T23:56:34.061773",
      "2024-10-11T23:56:34.061777",
      "2024-10-11T23:56:34.061780",
      "2024-10-11T23:56:34.061783",
      "2024-10-11T23:56:34.061787",
      "2024-10-11T23:56:34.061790",
      "2024-10-11T23:56:34.061793",
      "2024-10-11T23:56:34.061797",
      "2024-10-11T23:56:34.061800",
      "2024-10-11T23:56:34.061803",
      "2024-10-11T23:56:34.061806",
      "2024-10-11T23:56:34.061810",
      "2024-10-11T23:56:34.061814",
      "2024-10-11T23:56:34.061817",
      "2024-10-11T23:56:34.061820",
      "2024-10-11T23:56:34.061823",
      "2024-10-11T23:56:34.061827",
      "2024-10-11T23:56:34.061830",
      "2024-10-11T23:56:34.061833",
      "2024-10-11T23:56:34.062100",
      "2024-10-11T23:56:34.062103",
      "2024-10-11T23:56:34.062106",
      "2024-10-11T23:56:34.062110",
      "2024-10-11T23:56:34.062113",
      "2024-10-11T23:56:34.062116",
      "2024-10-11T23:56:34.062120",
      "2024-10-11T23:56:34.062123",
      "2024-10-11T23:56:34.062127",
      "2024-10-11T23:56:34.062130",
      "2024-10-11T23:56:34.062133",
      "2024-10-11T23:56:34.062137",
      "2024-10-11T23:56:34.062140",
      "2024-10-11T23:56:34.062144",
      "2024-10-11T23:56:34.062147",
      "2024-10-11T23:56:34.062151",
      "2024-10-11T23:56:34.062154",
      "2024-10-11T23:56:34.062157",
      "2024-10-11T23:56:34.062160",
      "2024-10-11T23:56:34.062164",
      "2024-10-11T23:56:34.062421",
      "2024-10-11T23:56:34.062424",
      "2024-10-11T23:56:34.062428",
      "2024-10-11T23:56:34.062431",
      "2024-10-11T23:56:34.062435",
      "2024-10-11T23:56:34.062438",
      "2024-10-11T23:56:34.062441",
      "2024-10-11T23:56:34.062445",
      "2024-10-11T23:56:34.062448",
      "2024-10-11T23:56:34.062452",
      "2024-10-11T23:56:34.062455",
      "2024-10-11T23:56:34.062458",
      "2024-10-11T23:56:34.062462",
      "2024-10-11T23:56:34.062465",
      "2024-10-11T23:56:34.062468",
      "2024-10-11T23:56:34.062472",
      "2024-10-11T23:56:34.062475",
      "2024-10-11T23:56:34.062478",
      "2024-10-11T23:56:34.062482",
      "2024-10-11T23:56:34.062485",
      "2024-10-11T23:56:34.062746",
      "2024-10-11T23:56:34.062750",
      "2024-10-11T23:56:34.062753",
      "2024-10-11T23:56:34.062757",
      "2024-10-11T23:56:34.062760",
      "2024-10-11T23:56:34.062772",
      "2024-10-11T23:56:34.062775",
      "2024-10-11T23:56:34.062778",
      "2024-10-11T23:56:34.062781",
      "2024-10-11T23:56:34.062785",
      "2024-10-11T23:56:34.062788",
      "2024-10-11T23:56:34.062791",
      "2024-10-11T23:56:34.062795",
      "2024-10-11T23:56:34.062798",
      "2024-10-11T23:56:34.062801",
      "2024-10-11T23:56:34.062805",
      "2024-10-11T23:56:34.062811",
      "2024-10-11T23:56:34.062815",
      "2024-10-11T23:56:34.062818",
      "2024-10-11T23:56:34.062821",
      "2024-10-11T23:56:34.063078",
      "2024-10-11T23:56:34.063082",
      "2024-10-11T23:56:34.063085",
