{
  "test_accuracy": {
    "steps": [
      20,
      40,
      60,
      80,
      100,
      120,
      140,
      160,
      180,
      200,
      220,
      240,
      260,
      280,
      300,
      320,
      340,
      360,
      380,
      400,
      420,
      440,
      460,
      480,
      500,
      520,
      540,
      560,
      580,
      600
    ],
    "timestamps": [
      "2024-07-19T23:35:58.099200",
      "2024-07-19T23:35:58.099541",
      "2024-07-19T23:35:58.099878",
      "2024-07-19T23:35:58.100297",
      "2024-07-19T23:35:58.100728",
      "2024-07-19T23:35:58.101249",
      "2024-07-19T23:35:58.101664",
      "2024-07-19T23:35:58.102108",
      "2024-07-19T23:35:58.102470",
      "2024-07-19T23:35:58.102780",
      "2024-07-19T23:35:58.103141",
      "2024-07-19T23:35:58.103579",
      "2024-07-19T23:35:58.103928",
      "2024-07-19T23:35:58.104347",
      "2024-07-19T23:35:58.104942",
      "2024-07-19T23:35:58.105422",
      "2024-07-19T23:35:58.105878",
      "2024-07-19T23:35:58.106294",
      "2024-07-19T23:35:58.106762",
      "2024-07-19T23:35:58.107191",
      "2024-07-19T23:35:58.107658",
      "2024-07-19T23:35:58.108137",
      "2024-07-19T23:35:58.108573",
      "2024-07-19T23:35:58.109079",
      "2024-07-19T23:35:58.109519",
      "2024-07-19T23:35:58.109986",
      "2024-07-19T23:35:58.110429",
      "2024-07-19T23:35:58.110872",
      "2024-07-19T23:35:58.111306",
      "2024-07-19T23:35:58.111863"
    ],
    "values": [
      0.68,
      0.68,
      0.68,
      0.8,
      0.82,
      0.82,
      0.78,
      0.76,
      0.68,
      0.68,
      0.68,
      0.74,
      0.68,
      0.74,
      0.78,
      0.78,
      0.78,
      0.78,
      0.78,
      0.78,
      0.76,
      0.74,
      0.74,
      0.74,
      0.74,
      0.74,
      0.74,
      0.74,
      0.74,
      0.74
    ]
  },
  "train_correct": {
    "steps": [
      1,
      2,
      3,
      4,
      5,
      6,
      7,
      8,
      9,
      10,
      11,
      12,
      13,
      14,
      15,
      16,
      17,
      18,
      19,
      20,
      21,
      22,
      23,
      24,
      25,
      26,
      27,
      28,
      29,
      30,
      31,
      32,
      33,
      34,
      35,
      36,
      37,
      38,
      39,
      40,
      41,
      42,
      43,
      44,
      45,
      46,
      47,
      48,
      49,
      50,
      51,
      52,
      53,
      54,
      55,
      56,
      57,
      58,
      59,
      60,
      61,
      62,
      63,
      64,
      65,
      66,
      67,
      68,
      69,
      70,
      71,
      72,
      73,
      74,
      75,
      76,
      77,
      78,
      79,
      80,
      81,
      82,
      83,
      84,
      85,
      86,
      87,
      88,
      89,
      90,
      91,
      92,
      93,
      94,
      95,
      96,
      97,
      98,
      99,
      100,
      101,
      102,
      103,
      104,
      105,
      106,
      107,
      108,
      109,
      110,
      111,
      112,
      113,
      114,
      115,
      116,
      117,
      118,
      119,
      120,
      121,
      122,
      123,
      124,
      125,
      126,
      127,
      128,
      129,
      130,
      131,
      132,
      133,
      134,
      135,
      136,
      137,
      138,
      139,
      140,
      141,
      142,
      143,
      144,
      145,
      146,
      147,
      148,
      149,
      150,
      151,
      152,
      153,
      154,
      155,
      156,
      157,
      158,
      159,
      160,
      161,
      162,
      163,
      164,
      165,
      166,
      167,
      168,
      169,
      170,
      171,
      172,
      173,
      174,
      175,
      176,
      177,
      178,
      179,
      180,
      181,
      182,
      183,
      184,
      185,
      186,
      187,
      188,
      189,
      190,
      191,
      192,
      193,
      194,
      195,
      196,
      197,
      198,
      199,
      200,
      201,
      202,
      203,
      204,
      205,
      206,
      207,
      208,
      209,
      210,
      211,
      212,
      213,
      214,
      215,
      216,
      217,
      218,
      219,
      220,
      221,
      222,
      223,
      224,
      225,
      226,
      227,
      228,
      229,
      230,
      231,
      232,
      233,
      234,
      235,
      236,
      237,
      238,
      239,
      240,
      241,
      242,
      243,
      244,
      245,
      246,
      247,
      248,
      249,
      250,
      251,
      252,
      253,
      254,
      255,
      256,
      257,
      258,
      259,
      260,
      261,
      262,
      263,
      264,
      265,
      266,
      267,
      268,
      269,
      270,
      271,
      272,
      273,
      274,
      275,
      276,
      277,
      278,
      279,
      280,
      281,
      282,
      283,
      284,
      285,
      286,
      287,
      288,
      289,
      290,
      291,
      292,
      293,
      294,
      295,
      296,
      297,
      298,
      299,
      300,
      301,
      302,
      303,
      304,
      305,
      306,
      307,
      308,
      309,
      310,
      311,
      312,
      313,
      314,
      315,
      316,
      317,
      318,
      319,
      320,
      321,
      322,
      323,
      324,
      325,
      326,
      327,
      328,
      329,
      330,
      331,
      332,
      333,
      334,
      335,
      336,
      337,
      338,
      339,
      340,
      341,
      342,
      343,
      344,
      345,
      346,
      347,
      348,
      349,
      350,
      351,
      352,
      353,
      354,
      355,
      356,
      357,
      358,
      359,
      360,
      361,
      362,
      363,
      364,
      365,
      366,
      367,
      368,
      369,
      370,
      371,
      372,
      373,
      374,
      375,
      376,
      377,
      378,
      379,
      380,
      381,
      382,
      383,
      384,
      385,
      386,
      387,
      388,
      389,
      390,
      391,
      392,
      393,
      394,
      395,
      396,
      397,
      398,
      399,
      400,
      401,
      402,
      403,
      404,
      405,
      406,
      407,
      408,
      409,
      410,
      411,
      412,
      413,
      414,
      415,
      416,
      417,
      418,
      419,
      420,
      421,
      422,
      423,
      424,
      425,
      426,
      427,
      428,
      429,
      430,
      431,
      432,
      433,
      434,
      435,
      436,
      437,
      438,
      439,
      440,
      441,
      442,
      443,
      444,
      445,
      446,
      447,
      448,
      449,
      450,
      451,
      452,
      453,
      454,
      455,
      456,
      457,
      458,
      459,
      460,
      461,
      462,
      463,
      464,
      465,
      466,
      467,
      468,
      469,
      470,
      471,
      472,
      473,
      474,
      475,
      476,
      477,
      478,
      479,
      480,
      481,
      482,
      483,
      484,
      485,
      486,
      487,
      488,
      489,
      490,
      491,
      492,
      493,
      494,
      495,
      496,
      497,
      498,
      499,
      500,
      501,
      502,
      503,
      504,
      505,
      506,
      507,
      508,
      509,
      510,
      511,
      512,
      513,
      514,
      515,
      516,
      517,
      518,
      519,
      520,
      521,
      522,
      523,
      524,
      525,
      526,
      527,
      528,
      529,
      530,
      531,
      532,
      533,
      534,
      535,
      536,
      537,
      538,
      539,
      540,
      541,
      542,
      543,
      544,
      545,
      546,
      547,
      548,
      549,
      550,
      551,
      552,
      553,
      554,
      555,
      556,
      557,
      558,
      559,
      560,
      561,
      562,
      563,
      564,
      565,
      566,
      567,
      568,
      569,
      570,
      571,
      572,
      573,
      574,
      575,
      576,
      577,
      578,
      579,
      580,
      581,
      582,
      583,
      584,
      585,
      586,
      587,
      588,
      589,
      590,
      591,
      592,
      593,
      594,
      595,
      596,
      597,
      598,
      599,
      600
    ],
    "timestamps": [
      "2024-07-19T23:35:58.098738",
      "2024-07-19T23:35:58.098745",
      "2024-07-19T23:35:58.098817",
      "2024-07-19T23:35:58.098821",
      "2024-07-19T23:35:58.098847",
      "2024-07-19T23:35:58.098873",
      "2024-07-19T23:35:58.098891",
      "2024-07-19T23:35:58.098907",
      "2024-07-19T23:35:58.098923",
      "2024-07-19T23:35:58.098940",
      "2024-07-19T23:35:58.098956",
      "2024-07-19T23:35:58.098970",
      "2024-07-19T23:35:58.098993",
      "2024-07-19T23:35:58.099009",
      "2024-07-19T23:35:58.099012",
      "2024-07-19T23:35:58.099027",
      "2024-07-19T23:35:58.099042",
      "2024-07-19T23:35:58.099057",
      "2024-07-19T23:35:58.099060",
      "2024-07-19T23:35:58.099204",
      "2024-07-19T23:35:58.099208",
      "2024-07-19T23:35:58.099222",
      "2024-07-19T23:35:58.099236",
      "2024-07-19T23:35:58.099250",
      "2024-07-19T23:35:58.099254",
      "2024-07-19T23:35:58.099257",
      "2024-07-19T23:35:58.099261",
      "2024-07-19T23:35:58.099275",
      "2024-07-19T23:35:58.099290",
      "2024-07-19T23:35:58.099304",
      "2024-07-19T23:35:58.099318",
      "2024-07-19T23:35:58.099321",
      "2024-07-19T23:35:58.099335",
      "2024-07-19T23:35:58.099349",
      "2024-07-19T23:35:58.099363",
      "2024-07-19T23:35:58.099366",
      "2024-07-19T23:35:58.099380",
      "2024-07-19T23:35:58.099395",
      "2024-07-19T23:35:58.099409",
      "2024-07-19T23:35:58.099545",
      "2024-07-19T23:35:58.099559",
      "2024-07-19T23:35:58.099573",
      "2024-07-19T23:35:58.099587",
      "2024-07-19T23:35:58.099590",
      "2024-07-19T23:35:58.099604",
      "2024-07-19T23:35:58.099608",
      "2024-07-19T23:35:58.099611",
      "2024-07-19T23:35:58.099626",
      "2024-07-19T23:35:58.099640",
      "2024-07-19T23:35:58.099643",
      "2024-07-19T23:35:58.099664",
      "2024-07-19T23:35:58.099667",
      "2024-07-19T23:35:58.099682",
      "2024-07-19T23:35:58.099696",
      "2024-07-19T23:35:58.099710",
      "2024-07-19T23:35:58.099724",
      "2024-07-19T23:35:58.099727",
      "2024-07-19T23:35:58.099731",
      "2024-07-19T23:35:58.099745",
      "2024-07-19T23:35:58.099883",
      "2024-07-19T23:35:58.099888",
      "2024-07-19T23:35:58.099905",
      "2024-07-19T23:35:58.099909",
      "2024-07-19T23:35:58.099923",
      "2024-07-19T23:35:58.099938",
      "2024-07-19T23:35:58.099941",
      "2024-07-19T23:35:58.099945",
      "2024-07-19T23:35:58.099949",
      "2024-07-19T23:35:58.099952",
      "2024-07-19T23:35:58.099967",
      "2024-07-19T23:35:58.099981",
      "2024-07-19T23:35:58.099995",
      "2024-07-19T23:35:58.100010",
      "2024-07-19T23:35:58.100024",
      "2024-07-19T23:35:58.100028",
      "2024-07-19T23:35:58.100050",
      "2024-07-19T23:35:58.100053",
      "2024-07-19T23:35:58.100068",
      "2024-07-19T23:35:58.100071",
      "2024-07-19T23:35:58.100301",
      "2024-07-19T23:35:58.100305",
      "2024-07-19T23:35:58.100322",
      "2024-07-19T23:35:58.100338",
      "2024-07-19T23:35:58.100342",
      "2024-07-19T23:35:58.100358",
      "2024-07-19T23:35:58.100374",
      "2024-07-19T23:35:58.100378",
      "2024-07-19T23:35:58.100381",
      "2024-07-19T23:35:58.100385",
      "2024-07-19T23:35:58.100399",
      "2024-07-19T23:35:58.100413",
      "2024-07-19T23:35:58.100427",
      "2024-07-19T23:35:58.100441",
      "2024-07-19T23:35:58.100455",
      "2024-07-19T23:35:58.100459",
      "2024-07-19T23:35:58.100462",
      "2024-07-19T23:35:58.100478",
      "2024-07-19T23:35:58.100494",
      "2024-07-19T23:35:58.100509",
      "2024-07-19T23:35:58.100732",
      "2024-07-19T23:35:58.100748",
      "2024-07-19T23:35:58.100764",
      "2024-07-19T23:35:58.100780",
      "2024-07-19T23:35:58.100795",
      "2024-07-19T23:35:58.100811",
      "2024-07-19T23:35:58.100828",
      "2024-07-19T23:35:58.100845",
      "2024-07-19T23:35:58.100848",
      "2024-07-19T23:35:58.100869",
      "2024-07-19T23:35:58.100887",
      "2024-07-19T23:35:58.100891",
      "2024-07-19T23:35:58.100907",
      "2024-07-19T23:35:58.100924",
      "2024-07-19T23:35:58.100940",
      "2024-07-19T23:35:58.100956",
      "2024-07-19T23:35:58.100972",
      "2024-07-19T23:35:58.100988",
      "2024-07-19T23:35:58.101004",
      "2024-07-19T23:35:58.101020",
      "2024-07-19T23:35:58.101253",
      "2024-07-19T23:35:58.101256",
      "2024-07-19T23:35:58.101273",
      "2024-07-19T23:35:58.101277",
      "2024-07-19T23:35:58.101280",
      "2024-07-19T23:35:58.101297",
      "2024-07-19T23:35:58.101301",
      "2024-07-19T23:35:58.101304",
      "2024-07-19T23:35:58.101321",
      "2024-07-19T23:35:58.101325",
      "2024-07-19T23:35:58.101328",
      "2024-07-19T23:35:58.101344",
      "2024-07-19T23:35:58.101361",
      "2024-07-19T23:35:58.101377",
      "2024-07-19T23:35:58.101393",
      "2024-07-19T23:35:58.101409",
      "2024-07-19T23:35:58.101425",
      "2024-07-19T23:35:58.101429",
      "2024-07-19T23:35:58.101433",
      "2024-07-19T23:35:58.101436",
      "2024-07-19T23:35:58.101667",
      "2024-07-19T23:35:58.101684",
      "2024-07-19T23:35:58.101692",
      "2024-07-19T23:35:58.101709",
      "2024-07-19T23:35:58.101725",
      "2024-07-19T23:35:58.101741",
      "2024-07-19T23:35:58.101745",
      "2024-07-19T23:35:58.101749",
      "2024-07-19T23:35:58.101765",
      "2024-07-19T23:35:58.101781",
      "2024-07-19T23:35:58.101798",
      "2024-07-19T23:35:58.101813",
      "2024-07-19T23:35:58.101817",
      "2024-07-19T23:35:58.101820",
      "2024-07-19T23:35:58.101824",
      "2024-07-19T23:35:58.101840",
      "2024-07-19T23:35:58.101855",
      "2024-07-19T23:35:58.101871",
      "2024-07-19T23:35:58.101874",
      "2024-07-19T23:35:58.101890",
      "2024-07-19T23:35:58.102112",
      "2024-07-19T23:35:58.102128",
      "2024-07-19T23:35:58.102149",
      "2024-07-19T23:35:58.102164",
      "2024-07-19T23:35:58.102168",
      "2024-07-19T23:35:58.102183",
      "2024-07-19T23:35:58.102199",
      "2024-07-19T23:35:58.102214",
      "2024-07-19T23:35:58.102230",
      "2024-07-19T23:35:58.102233",
      "2024-07-19T23:35:58.102249",
      "2024-07-19T23:35:58.102262",
      "2024-07-19T23:35:58.102276",
      "2024-07-19T23:35:58.102280",
      "2024-07-19T23:35:58.102294",
      "2024-07-19T23:35:58.102308",
      "2024-07-19T23:35:58.102321",
      "2024-07-19T23:35:58.102336",
      "2024-07-19T23:35:58.102339",
      "2024-07-19T23:35:58.102343",
      "2024-07-19T23:35:58.102473",
      "2024-07-19T23:35:58.102487",
      "2024-07-19T23:35:58.102491",
      "2024-07-19T23:35:58.102505",
      "2024-07-19T23:35:58.102519",
      "2024-07-19T23:35:58.102523",
      "2024-07-19T23:35:58.102537",
      "2024-07-19T23:35:58.102551",
      "2024-07-19T23:35:58.102554",
      "2024-07-19T23:35:58.102558",
      "2024-07-19T23:35:58.102561",
      "2024-07-19T23:35:58.102565",
      "2024-07-19T23:35:58.102568",
      "2024-07-19T23:35:58.102584",
      "2024-07-19T23:35:58.102600",
      "2024-07-19T23:35:58.102603",
      "2024-07-19T23:35:58.102617",
      "2024-07-19T23:35:58.102631",
      "2024-07-19T23:35:58.102635",
      "2024-07-19T23:35:58.102638",
      "2024-07-19T23:35:58.102785",
      "2024-07-19T23:35:58.102799",
      "2024-07-19T23:35:58.102802",
      "2024-07-19T23:35:58.102806",
      "2024-07-19T23:35:58.102820",
      "2024-07-19T23:35:58.102834",
      "2024-07-19T23:35:58.102847",
      "2024-07-19T23:35:58.102861",
      "2024-07-19T23:35:58.102875",
      "2024-07-19T23:35:58.102889",
      "2024-07-19T23:35:58.102902",
      "2024-07-19T23:35:58.102906",
      "2024-07-19T23:35:58.102909",
      "2024-07-19T23:35:58.102913",
      "2024-07-19T23:35:58.102927",
      "2024-07-19T23:35:58.102942",
      "2024-07-19T23:35:58.102956",
      "2024-07-19T23:35:58.102980",
      "2024-07-19T23:35:58.102994",
      "2024-07-19T23:35:58.103008",
      "2024-07-19T23:35:58.103144",
      "2024-07-19T23:35:58.103158",
      "2024-07-19T23:35:58.103172",
      "2024-07-19T23:35:58.103176",
      "2024-07-19T23:35:58.103190",
      "2024-07-19T23:35:58.103203",
      "2024-07-19T23:35:58.103217",
      "2024-07-19T23:35:58.103221",
      "2024-07-19T23:35:58.103224",
      "2024-07-19T23:35:58.103240",
      "2024-07-19T23:35:58.103244",
      "2024-07-19T23:35:58.103259",
      "2024-07-19T23:35:58.103275",
      "2024-07-19T23:35:58.103278",
      "2024-07-19T23:35:58.103294",
      "2024-07-19T23:35:58.103310",
      "2024-07-19T23:35:58.103325",
      "2024-07-19T23:35:58.103341",
      "2024-07-19T23:35:58.103344",
      "2024-07-19T23:35:58.103360",
      "2024-07-19T23:35:58.103582",
      "2024-07-19T23:35:58.103598",
      "2024-07-19T23:35:58.103602",
      "2024-07-19T23:35:58.103618",
      "2024-07-19T23:35:58.103634",
      "2024-07-19T23:35:58.103648",
      "2024-07-19T23:35:58.103662",
      "2024-07-19T23:35:58.103665",
      "2024-07-19T23:35:58.103679",
      "2024-07-19T23:35:58.103683",
      "2024-07-19T23:35:58.103697",
      "2024-07-19T23:35:58.103711",
      "2024-07-19T23:35:58.103725",
      "2024-07-19T23:35:58.103739",
      "2024-07-19T23:35:58.103753",
      "2024-07-19T23:35:58.103756",
      "2024-07-19T23:35:58.103770",
      "2024-07-19T23:35:58.103784",
      "2024-07-19T23:35:58.103788",
      "2024-07-19T23:35:58.103792",
      "2024-07-19T23:35:58.103932",
      "2024-07-19T23:35:58.103946",
      "2024-07-19T23:35:58.103960",
      "2024-07-19T23:35:58.103974",
      "2024-07-19T23:35:58.103988",
      "2024-07-19T23:35:58.103991",
      "2024-07-19T23:35:58.103995",
      "2024-07-19T23:35:58.104009",
      "2024-07-19T23:35:58.104012",
      "2024-07-19T23:35:58.104016",
      "2024-07-19T23:35:58.104030",
      "2024-07-19T23:35:58.104033",
      "2024-07-19T23:35:58.104042",
      "2024-07-19T23:35:58.104056",
      "2024-07-19T23:35:58.104070",
      "2024-07-19T23:35:58.104081",
      "2024-07-19T23:35:58.104085",
      "2024-07-19T23:35:58.104099",
      "2024-07-19T23:35:58.104113",
      "2024-07-19T23:35:58.104129",
      "2024-07-19T23:35:58.104351",
      "2024-07-19T23:35:58.104367",
      "2024-07-19T23:35:58.104371",
      "2024-07-19T23:35:58.104374",
      "2024-07-19T23:35:58.104390",
      "2024-07-19T23:35:58.104406",
      "2024-07-19T23:35:58.104422",
      "2024-07-19T23:35:58.104438",
      "2024-07-19T23:35:58.104453",
      "2024-07-19T23:35:58.104468",
      "2024-07-19T23:35:58.104484",
      "2024-07-19T23:35:58.104499",
      "2024-07-19T23:35:58.104503",
      "2024-07-19T23:35:58.104518",
      "2024-07-19T23:35:58.104522",
      "2024-07-19T23:35:58.104538",
      "2024-07-19T23:35:58.104553",
      "2024-07-19T23:35:58.104568",
      "2024-07-19T23:35:58.104720",
      "2024-07-19T23:35:58.104729",
      "2024-07-19T23:35:58.104946",
      "2024-07-19T23:35:58.104964",
      "2024-07-19T23:35:58.104980",
      "2024-07-19T23:35:58.104996",
      "2024-07-19T23:35:58.105000",
      "2024-07-19T23:35:58.105003",
      "2024-07-19T23:35:58.105019",
      "2024-07-19T23:35:58.105023",
      "2024-07-19T23:35:58.105039",
      "2024-07-19T23:35:58.105054",
      "2024-07-19T23:35:58.105070",
      "2024-07-19T23:35:58.105086",
      "2024-07-19T23:35:58.105101",
      "2024-07-19T23:35:58.105117",
      "2024-07-19T23:35:58.105133",
      "2024-07-19T23:35:58.105136",
      "2024-07-19T23:35:58.105152",
      "2024-07-19T23:35:58.105167",
      "2024-07-19T23:35:58.105183",
      "2024-07-19T23:35:58.105199",
      "2024-07-19T23:35:58.105425",
      "2024-07-19T23:35:58.105429",
      "2024-07-19T23:35:58.105445",
      "2024-07-19T23:35:58.105461",
      "2024-07-19T23:35:58.105476",
      "2024-07-19T23:35:58.105492",
      "2024-07-19T23:35:58.105508",
      "2024-07-19T23:35:58.105511",
      "2024-07-19T23:35:58.105526",
      "2024-07-19T23:35:58.105529",
      "2024-07-19T23:35:58.105545",
      "2024-07-19T23:35:58.105561",
      "2024-07-19T23:35:58.105576",
      "2024-07-19T23:35:58.105612",
      "2024-07-19T23:35:58.105616",
      "2024-07-19T23:35:58.105620",
      "2024-07-19T23:35:58.105623",
      "2024-07-19T23:35:58.105639",
      "2024-07-19T23:35:58.105655",
      "2024-07-19T23:35:58.105670",
      "2024-07-19T23:35:58.105882",
      "2024-07-19T23:35:58.105898",
      "2024-07-19T23:35:58.105913",
      "2024-07-19T23:35:58.105917",
      "2024-07-19T23:35:58.105920",
      "2024-07-19T23:35:58.105936",
      "2024-07-19T23:35:58.105940",
      "2024-07-19T23:35:58.105943",
      "2024-07-19T23:35:58.105959",
      "2024-07-19T23:35:58.105975",
      "2024-07-19T23:35:58.105991",
      "2024-07-19T23:35:58.105994",
      "2024-07-19T23:35:58.105998",
      "2024-07-19T23:35:58.106013",
      "2024-07-19T23:35:58.106029",
      "2024-07-19T23:35:58.106033",
      "2024-07-19T23:35:58.106041",
      "2024-07-19T23:35:58.106057",
      "2024-07-19T23:35:58.106060",
      "2024-07-19T23:35:58.106076",
      "2024-07-19T23:35:58.106297",
      "2024-07-19T23:35:58.106313",
      "2024-07-19T23:35:58.106329",
      "2024-07-19T23:35:58.106344",
      "2024-07-19T23:35:58.106360",
      "2024-07-19T23:35:58.106375",
      "2024-07-19T23:35:58.106399",
      "2024-07-19T23:35:58.106415",
      "2024-07-19T23:35:58.106430",
      "2024-07-19T23:35:58.106434",
      "2024-07-19T23:35:58.106450",
      "2024-07-19T23:35:58.106466",
      "2024-07-19T23:35:58.106481",
      "2024-07-19T23:35:58.106497",
      "2024-07-19T23:35:58.106500",
      "2024-07-19T23:35:58.106504",
      "2024-07-19T23:35:58.106507",
      "2024-07-19T23:35:58.106511",
      "2024-07-19T23:35:58.106527",
      "2024-07-19T23:35:58.106542",
      "2024-07-19T23:35:58.106765",
      "2024-07-19T23:35:58.106781",
      "2024-07-19T23:35:58.106796",
      "2024-07-19T23:35:58.106806",
      "2024-07-19T23:35:58.106809",
      "2024-07-19T23:35:58.106825",
      "2024-07-19T23:35:58.106840",
      "2024-07-19T23:35:58.106855",
      "2024-07-19T23:35:58.106870",
      "2024-07-19T23:35:58.106886",
      "2024-07-19T23:35:58.106889",
      "2024-07-19T23:35:58.106893",
      "2024-07-19T23:35:58.106908",
      "2024-07-19T23:35:58.106912",
      "2024-07-19T23:35:58.106927",
      "2024-07-19T23:35:58.106930",
      "2024-07-19T23:35:58.106945",
      "2024-07-19T23:35:58.106960",
      "2024-07-19T23:35:58.106975",
      "2024-07-19T23:35:58.106991",
      "2024-07-19T23:35:58.107195",
      "2024-07-19T23:35:58.107210",
      "2024-07-19T23:35:58.107225",
      "2024-07-19T23:35:58.107241",
      "2024-07-19T23:35:58.107244",
      "2024-07-19T23:35:58.107259",
      "2024-07-19T23:35:58.107284",
      "2024-07-19T23:35:58.107300",
      "2024-07-19T23:35:58.107315",
      "2024-07-19T23:35:58.107330",
      "2024-07-19T23:35:58.107345",
      "2024-07-19T23:35:58.107349",
      "2024-07-19T23:35:58.107352",
      "2024-07-19T23:35:58.107355",
      "2024-07-19T23:35:58.107371",
      "2024-07-19T23:35:58.107386",
      "2024-07-19T23:35:58.107401",
      "2024-07-19T23:35:58.107417",
      "2024-07-19T23:35:58.107437",
      "2024-07-19T23:35:58.107452",
      "2024-07-19T23:35:58.107661",
      "2024-07-19T23:35:58.107665",
      "2024-07-19T23:35:58.107681",
      "2024-07-19T23:35:58.107697",
      "2024-07-19T23:35:58.107713",
      "2024-07-19T23:35:58.107728",
      "2024-07-19T23:35:58.107744",
      "2024-07-19T23:35:58.107759",
      "2024-07-19T23:35:58.107774",
      "2024-07-19T23:35:58.107790",
      "2024-07-19T23:35:58.107793",
      "2024-07-19T23:35:58.107797",
      "2024-07-19T23:35:58.107812",
      "2024-07-19T23:35:58.107827",
      "2024-07-19T23:35:58.107842",
      "2024-07-19T23:35:58.107845",
      "2024-07-19T23:35:58.107860",
      "2024-07-19T23:35:58.107875",
      "2024-07-19T23:35:58.107879",
      "2024-07-19T23:35:58.107896",
      "2024-07-19T23:35:58.108141",
      "2024-07-19T23:35:58.108156",
      "2024-07-19T23:35:58.108160",
      "2024-07-19T23:35:58.108175",
      "2024-07-19T23:35:58.108190",
      "2024-07-19T23:35:58.108194",
      "2024-07-19T23:35:58.108209",
      "2024-07-19T23:35:58.108213",
      "2024-07-19T23:35:58.108228",
      "2024-07-19T23:35:58.108243",
      "2024-07-19T23:35:58.108258",
      "2024-07-19T23:35:58.108273",
      "2024-07-19T23:35:58.108277",
      "2024-07-19T23:35:58.108292",
      "2024-07-19T23:35:58.108296",
      "2024-07-19T23:35:58.108311",
      "2024-07-19T23:35:58.108326",
      "2024-07-19T23:35:58.108341",
      "2024-07-19T23:35:58.108356",
      "2024-07-19T23:35:58.108360",
      "2024-07-19T23:35:58.108578",
      "2024-07-19T23:35:58.108596",
      "2024-07-19T23:35:58.108612",
      "2024-07-19T23:35:58.108627",
      "2024-07-19T23:35:58.108630",
      "2024-07-19T23:35:58.108646",
      "2024-07-19T23:35:58.108662",
      "2024-07-19T23:35:58.108677",
      "2024-07-19T23:35:58.108693",
      "2024-07-19T23:35:58.108712",
      "2024-07-19T23:35:58.108730",
      "2024-07-19T23:35:58.108734",
      "2024-07-19T23:35:58.108750",
      "2024-07-19T23:35:58.108767",
      "2024-07-19T23:35:58.108770",
      "2024-07-19T23:35:58.108787",
      "2024-07-19T23:35:58.108803",
      "2024-07-19T23:35:58.108819",
      "2024-07-19T23:35:58.108835",
      "2024-07-19T23:35:58.108851",
      "2024-07-19T23:35:58.109083",
      "2024-07-19T23:35:58.109087",
      "2024-07-19T23:35:58.109090",
      "2024-07-19T23:35:58.109094",
      "2024-07-19T23:35:58.109111",
      "2024-07-19T23:35:58.109127",
      "2024-07-19T23:35:58.109144",
      "2024-07-19T23:35:58.109160",
      "2024-07-19T23:35:58.109176",
      "2024-07-19T23:35:58.109180",
      "2024-07-19T23:35:58.109196",
      "2024-07-19T23:35:58.109212",
      "2024-07-19T23:35:58.109228",
      "2024-07-19T23:35:58.109232",
      "2024-07-19T23:35:58.109237",
      "2024-07-19T23:35:58.109253",
      "2024-07-19T23:35:58.109270",
      "2024-07-19T23:35:58.109286",
      "2024-07-19T23:35:58.109302",
      "2024-07-19T23:35:58.109305",
      "2024-07-19T23:35:58.109522",
      "2024-07-19T23:35:58.109539",
      "2024-07-19T23:35:58.109555",
      "2024-07-19T23:35:58.109571",
      "2024-07-19T23:35:58.109575",
      "2024-07-19T23:35:58.109591",
      "2024-07-19T23:35:58.109607",
      "2024-07-19T23:35:58.109623",
      "2024-07-19T23:35:58.109640",
      "2024-07-19T23:35:58.109655",
      "2024-07-19T23:35:58.109670",
      "2024-07-19T23:35:58.109685",
      "2024-07-19T23:35:58.109689",
      "2024-07-19T23:35:58.109704",
      "2024-07-19T23:35:58.109719",
      "2024-07-19T23:35:58.109734",
      "2024-07-19T23:35:58.109749",
      "2024-07-19T23:35:58.109764",
      "2024-07-19T23:35:58.109768",
      "2024-07-19T23:35:58.109771",
      "2024-07-19T23:35:58.109990",
      "2024-07-19T23:35:58.109993",
      "2024-07-19T23:35:58.110009",
      "2024-07-19T23:35:58.110012",
      "2024-07-19T23:35:58.110027",
      "2024-07-19T23:35:58.110054",
      "2024-07-19T23:35:58.110058",
      "2024-07-19T23:35:58.110074",
      "2024-07-19T23:35:58.110090",
      "2024-07-19T23:35:58.110105",
      "2024-07-19T23:35:58.110120",
      "2024-07-19T23:35:58.110124",
      "2024-07-19T23:35:58.110127",
      "2024-07-19T23:35:58.110143",
      "2024-07-19T23:35:58.110159",
      "2024-07-19T23:35:58.110174",
      "2024-07-19T23:35:58.110190",
      "2024-07-19T23:35:58.110206",
      "2024-07-19T23:35:58.110209",
      "2024-07-19T23:35:58.110213",
      "2024-07-19T23:35:58.110432",
      "2024-07-19T23:35:58.110448",
      "2024-07-19T23:35:58.110463",
      "2024-07-19T23:35:58.110479",
      "2024-07-19T23:35:58.110494",
      "2024-07-19T23:35:58.110497",
      "2024-07-19T23:35:58.110513",
      "2024-07-19T23:35:58.110528",
      "2024-07-19T23:35:58.110531",
      "2024-07-19T23:35:58.110536",
      "2024-07-19T23:35:58.110552",
      "2024-07-19T23:35:58.110555",
      "2024-07-19T23:35:58.110571",
      "2024-07-19T23:35:58.110586",
      "2024-07-19T23:35:58.110601",
      "2024-07-19T23:35:58.110616",
      "2024-07-19T23:35:58.110632",
      "2024-07-19T23:35:58.110647",
      "2024-07-19T23:35:58.110651",
      "2024-07-19T23:35:58.110654",
      "2024-07-19T23:35:58.110875",
      "2024-07-19T23:35:58.110879",
      "2024-07-19T23:35:58.110895",
      "2024-07-19T23:35:58.110898",
      "2024-07-19T23:35:58.110902",
      "2024-07-19T23:35:58.110905",
      "2024-07-19T23:35:58.110921",
      "2024-07-19T23:35:58.110937",
      "2024-07-19T23:35:58.110953",
      "2024-07-19T23:35:58.110956",
      "2024-07-19T23:35:58.110972",
      "2024-07-19T23:35:58.110988",
      "2024-07-19T23:35:58.111003",
      "2024-07-19T23:35:58.111007",
      "2024-07-19T23:35:58.111022",
      "2024-07-19T23:35:58.111038",
      "2024-07-19T23:35:58.111041",
      "2024-07-19T23:35:58.111057",
      "2024-07-19T23:35:58.111073",
      "2024-07-19T23:35:58.111089",
      "2024-07-19T23:35:58.111310",
      "2024-07-19T23:35:58.111326",
      "2024-07-19T23:35:58.111342",
      "2024-07-19T23:35:58.111360",
      "2024-07-19T23:35:58.111376",
      "2024-07-19T23:35:58.111391",
      "2024-07-19T23:35:58.111487",
      "2024-07-19T23:35:58.111505",
      "2024-07-19T23:35:58.111521",
      "2024-07-19T23:35:58.111525",
      "2024-07-19T23:35:58.111541",
      "2024-07-19T23:35:58.111556",
      "2024-07-19T23:35:58.111560",
      "2024-07-19T23:35:58.111576",
      "2024-07-19T23:35:58.111591",
      "2024-07-19T23:35:58.111607",
      "2024-07-19T23:35:58.111610",
      "2024-07-19T23:35:58.111625",
      "2024-07-19T23:35:58.111641",
      "2024-07-19T23:35:58.111645",
      "2024-07-19T23:35:58.111866"
    ],
    "values": [
      0,
      0,
      0,
      0,
      0,
      1,
      2,
      2,
      3,
      4,
      4,
      4,
      4,
      5,
      5,
      6,
      7,
      7,
      7,
      8,
      8,
      8,
      9,
      10,
      10,
      10,
      10,
      11,
      12,
      13,
      13,
      13,
      14,
      14,
      14,
      14,
      15,
      16,
      17,
      18,
      19,
      20,
      20,
      20,
      21,
      21,
      21,
      21,
      22,
      22,
      23,
      23,
      24,
      25,
      25,
      26,
      26,
      26,
      27,
      28,
      28,
      29,
      29,
      29,
      30,
      30,
      30,
      30,
      30,
      31,
      31,
      32,
      32,
      33,
      33,
      34,
      34,
      35,
      35,
      35,
      35,
      36,
      37,
      37,
      38,
      38,
      38,
      38,
      38,
      39,
      40,
      41,
      42,
      42,
      42,
      42,
      42,
      43,
      44,
      45,
      46,
      47,
      48,
      49,
      50,
      51,
      52,
      52,
      53,
      54,
      54,
      54,
      55,
      56,
      57,
      58,
      58,
      59,
      60,
      60,
      60,
      61,
      61,
      61,
      62,
      62,
      62,
      63,
      63,
      63,
      64,
      64,
      65,
      65,
      66,
      67,
      67,
      67,
      67,
      68,
      68,
      68,
      68,
      69,
      70,
      70,
      70,
      71,
      72,
      73,
      74,
      74,
      74,
      74,
      75,
      76,
      77,
      77,
      78,
      78,
      78,
      78,
      79,
      79,
      80,
      81,
      82,
      83,
      83,
      83,
      84,
      85,
      85,
      86,
      86,
      86,
      87,
      87,
      87,
      87,
      87,
      87,
      88,
      89,
      89,
      90,
      90,
      90,
      90,
      90,
      90,
      90,
      91,
      91,
      91,
      92,
      93,
      93,
      93,
      94,
      95,
      95,
      95,
      95,
      95,
      96,
      97,
      98,
      98,
      99,
      99,
      99,
      99,
      100,
      101,
      102,
      103,
      103,
      103,
      103,
      103,
      104,
      104,
      105,
      106,
      106,
      106,
      106,
      107,
      107,
      108,
      109,
      109,
      109,
      110,
      111,
      111,
      111,
      112,
      113,
      113,
      113,
      114,
      114,
      115,
      116,
      116,
      117,
      117,
      118,
      119,
      120,
      121,
      122,
      122,
      122,
      122,
      122,
      122,
      123,
      123,
      124,
      124,
      125,
      125,
      125,
      126,
      126,
      126,
      126,
      126,
      126,
      127,
      128,
      128,
      128,
      129,
      129,
      130,
      130,
      130,
      130,
      130,
      131,
      132,
      133,
      134,
      135,
      136,
      136,
      136,
      136,
      136,
      136,
      137,
      138,
      138,
      139,
      139,
      139,
      139,
      140,
      141,
      141,
      141,
      142,
      142,
      142,
      143,
      144,
      144,
      144,
      145,
      146,
      146,
      147,
      148,
      148,
      149,
      150,
      150,
      151,
      152,
      153,
      153,
      154,
      154,
      154,
      154,
      154,
      154,
      155,
      156,
      156,
      156,
      156,
      156,
      157,
      158,
      158,
      158,
      159,
      159,
      159,
      159,
      159,
      159,
      160,
      160,
      160,
      160,
      160,
      161,
      162,
      162,
      162,
      163,
      163,
      164,
      164,
      165,
      166,
      167,
      168,
      169,
      169,
      170,
      171,
      171,
      172,
      173,
      174,
      175,
      175,
      175,
      175,
      175,
      175,
      176,
      177,
      178,
      179,
      179,
      179,
      180,
      181,
      182,
      183,
      184,
      184,
      184,
      185,
      185,
      186,
      186,
      186,
      187,
      188,
      189,
      189,
      190,
      191,
      192,
      192,
      192,
      193,
      194,
      194,
      195,
      196,
      196,
      196,
      196,
      197,
      198,
      199,
      199,
      200,
      201,
      201,
      201,
      202,
      203,
      204,
      205,
      206,
      206,
      207,
      208,
      208,
      208,
      209,
      209,
      210,
      210,
      210,
      211,
      211,
      211,
      212,
      213,
      213,
      214,
      214,
      214,
      214,
      214,
      215,
      215,
      216,
      217,
      217,
      218,
      218,
      219,
      220,
      220,
      221,
      221,
      222,
      223,
      224,
      225,
      225,
      226,
      227,
      227,
      227,
      228,
      229,
      229,
      229,
      230,
      230,
      231,
      232,
      233,
      234,
      235,
      236,
      236,
      236,
      236,
      237,
      238,
      238,
      239,
      240,
      240,
      240,
      241,
      242,
      242,
      242,
      243,
      244,
      245,
      245,
      245,
      245,
      245,
      246,
      246,
      246,
      247,
      248,
      248,
      249,
      250,
      250,
      250,
      250,
      251,
      252,
      253,
      254,
      254,
      254,
      254,
      255,
      255,
      256,
      256,
      256,
      257,
      257,
      258,
      259,
      260,
      260,
      260,
      260,
      261,
      262,
      262,
      263,
      264,
      264,
      264,
      265,
      266,
      266,
      266,
      267,
      267,
      268,
      269,
      269,
      269,
      270,
      270,
      270,
      271,
      272,
      273,
      273,
      274,
      274,
      274,
      274,
      274,
      275,
      275,
      275,
      275,
      276,
      277,
      278,
      278,
      278,
      278,
      279,
      279,
      279,
      279,
      279,
      279,
      280,
      281,
      281,
      281,
      282,
      282,
      283,
      283,
      284,
      285,
      286,
      286,
      286,
      287,
      287,
      288,
      289,
      289,
      289,
      289,
      290,
      290,
      290
    ]
  },
  "train_observed": {
    "steps": [
      1,
      2,
      3,
      4,
      5,
      6,
      7,
      8,
      9,
      10,
      11,
      12,
      13,
      14,
      15,
      16,
      17,
      18,
      19,
      20,
      21,
      22,
      23,
      24,
      25,
      26,
      27,
      28,
      29,
      30,
      31,
      32,
      33,
      34,
      35,
      36,
      37,
      38,
      39,
      40,
      41,
      42,
      43,
      44,
      45,
      46,
      47,
      48,
      49,
      50,
      51,
      52,
      53,
      54,
      55,
      56,
      57,
      58,
      59,
      60,
      61,
      62,
      63,
      64,
      65,
      66,
      67,
      68,
      69,
      70,
      71,
      72,
      73,
      74,
      75,
      76,
      77,
      78,
      79,
      80,
      81,
      82,
      83,
      84,
      85,
      86,
      87,
      88,
      89,
      90,
      91,
      92,
      93,
      94,
      95,
      96,
      97,
      98,
      99,
      100,
      101,
      102,
      103,
      104,
      105,
      106,
      107,
      108,
      109,
      110,
      111,
      112,
      113,
      114,
      115,
      116,
      117,
      118,
      119,
      120,
      121,
      122,
      123,
      124,
      125,
      126,
      127,
      128,
      129,
      130,
      131,
      132,
      133,
      134,
      135,
      136,
      137,
      138,
      139,
      140,
      141,
      142,
      143,
      144,
      145,
      146,
      147,
      148,
      149,
      150,
      151,
      152,
      153,
      154,
      155,
      156,
      157,
      158,
      159,
      160,
      161,
      162,
      163,
      164,
      165,
      166,
      167,
      168,
      169,
      170,
      171,
      172,
      173,
      174,
      175,
      176,
      177,
      178,
      179,
      180,
      181,
      182,
      183,
      184,
      185,
      186,
      187,
      188,
      189,
      190,
      191,
      192,
      193,
      194,
      195,
      196,
      197,
      198,
      199,
      200,
      201,
      202,
      203,
      204,
      205,
      206,
      207,
      208,
      209,
      210,
      211,
      212,
      213,
      214,
      215,
      216,
      217,
      218,
      219,
      220,
      221,
      222,
      223,
      224,
      225,
      226,
      227,
      228,
      229,
      230,
      231,
      232,
      233,
      234,
      235,
      236,
      237,
      238,
      239,
      240,
      241,
      242,
      243,
      244,
      245,
      246,
      247,
      248,
      249,
      250,
      251,
      252,
      253,
      254,
      255,
      256,
      257,
      258,
      259,
      260,
      261,
      262,
      263,
      264,
      265,
      266,
      267,
      268,
      269,
      270,
      271,
      272,
      273,
      274,
      275,
      276,
      277,
      278,
      279,
      280,
      281,
      282,
      283,
      284,
      285,
      286,
      287,
      288,
      289,
      290,
      291,
      292,
      293,
      294,
      295,
      296,
      297,
      298,
      299,
      300,
      301,
      302,
      303,
      304,
      305,
      306,
      307,
      308,
      309,
      310,
      311,
      312,
      313,
      314,
      315,
      316,
      317,
      318,
      319,
      320,
      321,
      322,
      323,
      324,
      325,
      326,
      327,
      328,
      329,
      330,
      331,
      332,
