{
  "test_accuracy": {
    "steps": [
      20,
      40,
      60,
      80,
      100,
      120,
      140,
      160,
      180,
      200,
      220,
      240,
      260,
      280,
      300,
      320,
      340,
      360,
      380,
      400,
      420,
      440,
      460,
      480,
      500,
      520,
      540,
      560,
      580,
      600,
      620,
      640,
      660,
      680,
      700,
      720,
      740,
      760,
      780,
      800,
      820,
      840,
      860,
      880,
      900,
      920,
      940,
      960,
      980,
      1000,
      1020,
      1040
    ],
    "timestamps": [
      "2024-10-11T23:51:39.687215",
      "2024-10-11T23:51:39.687833",
      "2024-10-11T23:51:39.688421",
      "2024-10-11T23:51:39.688871",
      "2024-10-11T23:51:39.689199",
      "2024-10-11T23:51:39.689516",
      "2024-10-11T23:51:39.689828",
      "2024-10-11T23:51:39.690137",
      "2024-10-11T23:51:39.690459",
      "2024-10-11T23:51:39.690788",
      "2024-10-11T23:51:39.691107",
      "2024-10-11T23:51:39.691425",
      "2024-10-11T23:51:39.691737",
      "2024-10-11T23:51:39.692077",
      "2024-10-11T23:51:39.692401",
      "2024-10-11T23:51:39.692732",
      "2024-10-11T23:51:39.693047",
      "2024-10-11T23:51:39.693370",
      "2024-10-11T23:51:39.693695",
      "2024-10-11T23:51:39.694018",
      "2024-10-11T23:51:39.694349",
      "2024-10-11T23:51:39.694680",
      "2024-10-11T23:51:39.695011",
      "2024-10-11T23:51:39.695331",
      "2024-10-11T23:51:39.695649",
      "2024-10-11T23:51:39.695990",
      "2024-10-11T23:51:39.696350",
      "2024-10-11T23:51:39.696700",
      "2024-10-11T23:51:39.697033",
      "2024-10-11T23:51:39.697355",
      "2024-10-11T23:51:39.697882",
      "2024-10-11T23:51:39.698202",
      "2024-10-11T23:51:39.698538",
      "2024-10-11T23:51:39.698856",
      "2024-10-11T23:51:39.699202",
      "2024-10-11T23:51:39.699519",
      "2024-10-11T23:51:39.699840",
      "2024-10-11T23:51:39.700161",
      "2024-10-11T23:51:39.700487",
      "2024-10-11T23:51:39.700804",
      "2024-10-11T23:51:39.701132",
      "2024-10-11T23:51:39.701467",
      "2024-10-11T23:51:39.701795",
      "2024-10-11T23:51:39.702118",
      "2024-10-11T23:51:39.702435",
      "2024-10-11T23:51:39.702798",
      "2024-10-11T23:51:39.703131",
      "2024-10-11T23:51:39.703493",
      "2024-10-11T23:51:39.703827",
      "2024-10-11T23:51:39.704177",
      "2024-10-11T23:51:39.704499",
      "2024-10-11T23:51:39.704817"
    ],
    "values": [
      0.84,
      0.86,
      0.92,
      0.9,
      0.9,
      0.9,
      0.9,
      0.9,
      0.9,
      0.9,
      0.9,
      0.9,
      0.9,
      0.9,
      0.9,
      0.9,
      0.9,
      0.9,
      0.9,
      0.9,
      0.9,
      0.9,
      0.9,
      0.9,
      0.9,
      0.9,
      0.9,
      0.9,
      0.9,
      0.9,
      0.9,
      0.9,
      0.9,
      0.9,
      0.9,
      0.9,
      0.9,
      0.9,
      0.9,
      0.9,
      0.9,
      0.9,
      0.9,
      0.9,
      0.9,
      0.9,
      0.9,
      0.9,
      0.9,
      0.9,
      0.9,
      0.9
    ]
  },
  "train_correct": {
    "steps": [
      1,
      2,
      3,
      4,
      5,
      6,
      7,
      8,
      9,
      10,
      11,
      12,
      13,
      14,
      15,
      16,
      17,
      18,
      19,
      20,
      21,
      22,
      23,
      24,
      25,
      26,
      27,
      28,
      29,
      30,
      31,
      32,
      33,
      34,
      35,
      36,
      37,
      38,
      39,
      40,
      41,
      42,
      43,
      44,
      45,
      46,
      47,
      48,
      49,
      50,
      51,
      52,
      53,
      54,
      55,
      56,
      57,
      58,
      59,
      60,
      61,
      62,
      63,
      64,
      65,
      66,
      67,
      68,
      69,
      70,
      71,
      72,
      73,
      74,
      75,
      76,
      77,
      78,
      79,
      80,
      81,
      82,
      83,
      84,
      85,
      86,
      87,
      88,
      89,
      90,
      91,
      92,
      93,
      94,
      95,
      96,
      97,
      98,
      99,
      100,
      101,
      102,
      103,
      104,
      105,
      106,
      107,
      108,
      109,
      110,
      111,
      112,
      113,
      114,
      115,
      116,
      117,
      118,
      119,
      120,
      121,
      122,
      123,
      124,
      125,
      126,
      127,
      128,
      129,
      130,
      131,
      132,
      133,
      134,
      135,
      136,
      137,
      138,
      139,
      140,
      141,
      142,
      143,
      144,
      145,
      146,
      147,
      148,
      149,
      150,
      151,
      152,
      153,
      154,
      155,
      156,
      157,
      158,
      159,
      160,
      161,
      162,
      163,
      164,
      165,
      166,
      167,
      168,
      169,
      170,
      171,
      172,
      173,
      174,
      175,
      176,
      177,
      178,
      179,
      180,
      181,
      182,
      183,
      184,
      185,
      186,
      187,
      188,
      189,
      190,
      191,
      192,
      193,
      194,
      195,
      196,
      197,
      198,
      199,
      200,
      201,
      202,
      203,
      204,
      205,
      206,
      207,
      208,
      209,
      210,
      211,
      212,
      213,
      214,
      215,
      216,
      217,
      218,
      219,
      220,
      221,
      222,
      223,
      224,
      225,
      226,
      227,
      228,
      229,
      230,
      231,
      232,
      233,
      234,
      235,
      236,
      237,
      238,
      239,
      240,
      241,
      242,
      243,
      244,
      245,
      246,
      247,
      248,
      249,
      250,
      251,
      252,
      253,
      254,
      255,
      256,
      257,
      258,
      259,
      260,
      261,
      262,
      263,
      264,
      265,
      266,
      267,
      268,
      269,
      270,
      271,
      272,
      273,
      274,
      275,
      276,
      277,
      278,
      279,
      280,
      281,
      282,
      283,
      284,
      285,
      286,
      287,
      288,
      289,
      290,
      291,
      292,
      293,
      294,
      295,
      296,
      297,
      298,
      299,
      300,
      301,
      302,
      303,
      304,
      305,
      306,
      307,
      308,
      309,
      310,
      311,
      312,
      313,
      314,
      315,
      316,
      317,
      318,
      319,
      320,
      321,
      322,
      323,
      324,
      325,
      326,
      327,
      328,
      329,
      330,
      331,
      332,
      333,
      334,
      335,
      336,
      337,
      338,
      339,
      340,
      341,
      342,
      343,
      344,
      345,
      346,
      347,
      348,
      349,
      350,
      351,
      352,
      353,
      354,
      355,
      356,
      357,
      358,
      359,
      360,
      361,
      362,
      363,
      364,
      365,
      366,
      367,
      368,
      369,
      370,
      371,
      372,
      373,
      374,
      375,
      376,
      377,
      378,
      379,
      380,
      381,
      382,
      383,
      384,
      385,
      386,
      387,
      388,
      389,
      390,
      391,
      392,
      393,
      394,
      395,
      396,
      397,
      398,
      399,
      400,
      401,
      402,
      403,
      404,
      405,
      406,
      407,
      408,
      409,
      410,
      411,
      412,
      413,
      414,
      415,
      416,
      417,
      418,
      419,
      420,
      421,
      422,
      423,
      424,
      425,
      426,
      427,
      428,
      429,
      430,
      431,
      432,
      433,
      434,
      435,
      436,
      437,
      438,
      439,
      440,
      441,
      442,
      443,
      444,
      445,
      446,
      447,
      448,
      449,
      450,
      451,
      452,
      453,
      454,
      455,
      456,
      457,
      458,
      459,
      460,
      461,
      462,
      463,
      464,
      465,
      466,
      467,
      468,
      469,
      470,
      471,
      472,
      473,
      474,
      475,
      476,
      477,
      478,
      479,
      480,
      481,
      482,
      483,
      484,
      485,
      486,
      487,
      488,
      489,
      490,
      491,
      492,
      493,
      494,
      495,
      496,
      497,
      498,
      499,
      500,
      501,
      502,
      503,
      504,
      505,
      506,
      507,
      508,
      509,
      510,
      511,
      512,
      513,
      514,
      515,
      516,
      517,
      518,
      519,
      520,
      521,
      522,
      523,
      524,
      525,
      526,
      527,
      528,
      529,
      530,
      531,
      532,
      533,
      534,
      535,
      536,
      537,
      538,
      539,
      540,
      541,
      542,
      543,
      544,
      545,
      546,
      547,
      548,
      549,
      550,
      551,
      552,
      553,
      554,
      555,
      556,
      557,
      558,
      559,
      560,
      561,
      562,
      563,
      564,
      565,
      566,
      567,
      568,
      569,
      570,
      571,
      572,
      573,
      574,
      575,
      576,
      577,
      578,
      579,
      580,
      581,
      582,
      583,
      584,
      585,
      586,
      587,
      588,
      589,
      590,
      591,
      592,
      593,
      594,
      595,
      596,
      597,
      598,
      599,
      600,
      601,
      602,
      603,
      604,
      605,
      606,
      607,
      608,
      609,
      610,
      611,
      612,
      613,
      614,
      615,
      616,
      617,
      618,
      619,
      620,
      621,
      622,
      623,
      624,
      625,
      626,
      627,
      628,
      629,
      630,
      631,
      632,
      633,
      634,
      635,
      636,
      637,
      638,
      639,
      640,
      641,
      642,
      643,
      644,
      645,
      646,
      647,
      648,
      649,
      650,
      651,
      652,
      653,
      654,
      655,
      656,
      657,
      658,
      659,
      660,
      661,
      662,
      663,
      664,
      665,
      666,
      667,
      668,
      669,
      670,
      671,
      672,
      673,
      674,
      675,
      676,
      677,
      678,
      679,
      680,
      681,
      682,
      683,
      684,
      685,
      686,
      687,
      688,
      689,
      690,
      691,
      692,
      693,
      694,
      695,
      696,
      697,
      698,
      699,
      700,
      701,
      702,
      703,
      704,
      705,
      706,
      707,
      708,
      709,
      710,
      711,
      712,
      713,
      714,
      715,
      716,
      717,
      718,
      719,
      720,
      721,
      722,
      723,
      724,
      725,
      726,
      727,
      728,
      729,
      730,
      731,
      732,
      733,
      734,
      735,
      736,
      737,
      738,
      739,
      740,
      741,
      742,
      743,
      744,
      745,
      746,
      747,
      748,
      749,
      750,
      751,
      752,
      753,
      754,
      755,
      756,
      757,
      758,
      759,
      760,
      761,
      762,
      763,
      764,
      765,
      766,
      767,
      768,
      769,
      770,
      771,
      772,
      773,
      774,
      775,
      776,
      777,
      778,
      779,
      780,
      781,
      782,
      783,
      784,
      785,
      786,
      787,
      788,
      789,
      790,
      791,
      792,
      793,
      794,
      795,
      796,
      797,
      798,
      799,
      800,
      801,
      802,
      803,
      804,
      805,
      806,
      807,
      808,
      809,
      810,
      811,
      812,
      813,
      814,
      815,
      816,
      817,
      818,
      819,
      820,
      821,
      822,
      823,
      824,
      825,
      826,
      827,
      828,
      829,
      830,
      831,
      832,
      833,
      834,
      835,
      836,
      837,
      838,
      839,
      840,
      841,
      842,
      843,
      844,
      845,
      846,
      847,
      848,
      849,
      850,
      851,
      852,
      853,
      854,
      855,
      856,
      857,
      858,
      859,
      860,
      861,
      862,
      863,
      864,
      865,
      866,
      867,
      868,
      869,
      870,
      871,
      872,
      873,
      874,
      875,
      876,
      877,
      878,
      879,
      880,
      881,
      882,
      883,
      884,
      885,
      886,
      887,
      888,
      889,
      890,
      891,
      892,
      893,
      894,
      895,
      896,
      897,
      898,
      899,
      900,
      901,
      902,
      903,
      904,
      905,
      906,
      907,
      908,
      909,
      910,
      911,
      912,
      913,
      914,
      915,
      916,
      917,
      918,
      919,
      920,
      921,
      922,
      923,
      924,
      925,
      926,
      927,
      928,
      929,
      930,
      931,
      932,
      933,
      934,
      935,
      936,
      937,
      938,
      939,
      940,
      941,
      942,
      943,
      944,
      945,
      946,
      947,
      948,
      949,
      950,
      951,
      952,
      953,
      954,
      955,
      956,
      957,
      958,
      959,
      960,
      961,
      962,
      963,
      964,
      965,
      966,
      967,
      968,
      969,
      970,
      971,
      972,
      973,
      974,
      975,
      976,
      977,
      978,
      979,
      980,
      981,
      982,
      983,
      984,
      985,
      986,
      987,
      988,
      989,
      990,
      991,
      992,
      993,
      994,
      995,
      996,
      997,
      998,
      999,
      1000,
      1001,
      1002,
      1003,
      1004,
      1005,
      1006,
      1007,
      1008,
      1009,
      1010,
      1011,
      1012,
      1013,
      1014,
      1015,
      1016,
      1017,
      1018,
      1019,
      1020,
      1021,
      1022,
      1023,
      1024,
      1025,
      1026,
      1027,
      1028,
      1029,
      1030,
      1031,
      1032,
      1033,
      1034,
      1035,
      1036,
      1037,
      1038,
      1039,
      1040,
      1041,
      1042,
      1043,
      1044,
      1045,
      1046,
      1047,
      1048,
      1049,
      1050
    ],
    "timestamps": [
      "2024-10-11T23:51:39.686545",
      "2024-10-11T23:51:39.686593",
      "2024-10-11T23:51:39.686660",
      "2024-10-11T23:51:39.686680",
      "2024-10-11T23:51:39.686697",
      "2024-10-11T23:51:39.686714",
      "2024-10-11T23:51:39.686730",
      "2024-10-11T23:51:39.686746",
      "2024-10-11T23:51:39.686762",
      "2024-10-11T23:51:39.686777",
      "2024-10-11T23:51:39.686793",
      "2024-10-11T23:51:39.686808",
      "2024-10-11T23:51:39.686825",
      "2024-10-11T23:51:39.686840",
      "2024-10-11T23:51:39.686855",
      "2024-10-11T23:51:39.686870",
      "2024-10-11T23:51:39.686886",
      "2024-10-11T23:51:39.686904",
      "2024-10-11T23:51:39.686922",
      "2024-10-11T23:51:39.687219",
      "2024-10-11T23:51:39.687239",
      "2024-10-11T23:51:39.687257",
      "2024-10-11T23:51:39.687279",
      "2024-10-11T23:51:39.687297",
      "2024-10-11T23:51:39.687316",
      "2024-10-11T23:51:39.687334",
      "2024-10-11T23:51:39.687354",
      "2024-10-11T23:51:39.687373",
      "2024-10-11T23:51:39.687391",
      "2024-10-11T23:51:39.687410",
      "2024-10-11T23:51:39.687429",
      "2024-10-11T23:51:39.687447",
      "2024-10-11T23:51:39.687466",
      "2024-10-11T23:51:39.687485",
      "2024-10-11T23:51:39.687504",
      "2024-10-11T23:51:39.687522",
      "2024-10-11T23:51:39.687540",
      "2024-10-11T23:51:39.687557",
      "2024-10-11T23:51:39.687574",
      "2024-10-11T23:51:39.687837",
      "2024-10-11T23:51:39.687854",
      "2024-10-11T23:51:39.687871",
      "2024-10-11T23:51:39.687888",
      "2024-10-11T23:51:39.687905",
      "2024-10-11T23:51:39.687923",
      "2024-10-11T23:51:39.687940",
      "2024-10-11T23:51:39.687956",
      "2024-10-11T23:51:39.687974",
      "2024-10-11T23:51:39.687991",
      "2024-10-11T23:51:39.688008",
      "2024-10-11T23:51:39.688025",
      "2024-10-11T23:51:39.688042",
      "2024-10-11T23:51:39.688059",
      "2024-10-11T23:51:39.688076",
      "2024-10-11T23:51:39.688094",
      "2024-10-11T23:51:39.688111",
      "2024-10-11T23:51:39.688128",
      "2024-10-11T23:51:39.688145",
      "2024-10-11T23:51:39.688162",
      "2024-10-11T23:51:39.688425",
      "2024-10-11T23:51:39.688442",
      "2024-10-11T23:51:39.688460",
      "2024-10-11T23:51:39.688477",
      "2024-10-11T23:51:39.688494",
      "2024-10-11T23:51:39.688511",
      "2024-10-11T23:51:39.688528",
      "2024-10-11T23:51:39.688545",
      "2024-10-11T23:51:39.688563",
      "2024-10-11T23:51:39.688580",
      "2024-10-11T23:51:39.688596",
      "2024-10-11T23:51:39.688600",
      "2024-10-11T23:51:39.688603",
      "2024-10-11T23:51:39.688607",
      "2024-10-11T23:51:39.688610",
      "2024-10-11T23:51:39.688613",
      "2024-10-11T23:51:39.688616",
      "2024-10-11T23:51:39.688620",
      "2024-10-11T23:51:39.688623",
      "2024-10-11T23:51:39.688626",
      "2024-10-11T23:51:39.688874",
      "2024-10-11T23:51:39.688878",
      "2024-10-11T23:51:39.688881",
      "2024-10-11T23:51:39.688884",
      "2024-10-11T23:51:39.688888",
      "2024-10-11T23:51:39.688891",
      "2024-10-11T23:51:39.688894",
      "2024-10-11T23:51:39.688897",
      "2024-10-11T23:51:39.688901",
      "2024-10-11T23:51:39.688904",
      "2024-10-11T23:51:39.688907",
      "2024-10-11T23:51:39.688910",
      "2024-10-11T23:51:39.688914",
      "2024-10-11T23:51:39.688917",
      "2024-10-11T23:51:39.688920",
      "2024-10-11T23:51:39.688923",
      "2024-10-11T23:51:39.688927",
      "2024-10-11T23:51:39.688930",
      "2024-10-11T23:51:39.688933",
      "2024-10-11T23:51:39.688936",
      "2024-10-11T23:51:39.689202",
      "2024-10-11T23:51:39.689206",
      "2024-10-11T23:51:39.689209",
      "2024-10-11T23:51:39.689213",
      "2024-10-11T23:51:39.689216",
      "2024-10-11T23:51:39.689220",
      "2024-10-11T23:51:39.689223",
      "2024-10-11T23:51:39.689227",
      "2024-10-11T23:51:39.689230",
      "2024-10-11T23:51:39.689233",
      "2024-10-11T23:51:39.689237",
      "2024-10-11T23:51:39.689240",
      "2024-10-11T23:51:39.689244",
      "2024-10-11T23:51:39.689247",
      "2024-10-11T23:51:39.689251",
      "2024-10-11T23:51:39.689254",
      "2024-10-11T23:51:39.689257",
      "2024-10-11T23:51:39.689261",
      "2024-10-11T23:51:39.689264",
      "2024-10-11T23:51:39.689268",
      "2024-10-11T23:51:39.689519",
      "2024-10-11T23:51:39.689523",
      "2024-10-11T23:51:39.689526",
      "2024-10-11T23:51:39.689529",
      "2024-10-11T23:51:39.689533",
      "2024-10-11T23:51:39.689538",
      "2024-10-11T23:51:39.689541",
      "2024-10-11T23:51:39.689544",
      "2024-10-11T23:51:39.689548",
      "2024-10-11T23:51:39.689551",
      "2024-10-11T23:51:39.689554",
      "2024-10-11T23:51:39.689557",
      "2024-10-11T23:51:39.689561",
      "2024-10-11T23:51:39.689564",
      "2024-10-11T23:51:39.689567",
      "2024-10-11T23:51:39.689570",
      "2024-10-11T23:51:39.689574",
      "2024-10-11T23:51:39.689577",
      "2024-10-11T23:51:39.689580",
      "2024-10-11T23:51:39.689583",
      "2024-10-11T23:51:39.689831",
      "2024-10-11T23:51:39.689834",
      "2024-10-11T23:51:39.689838",
      "2024-10-11T23:51:39.689841",
      "2024-10-11T23:51:39.689844",
      "2024-10-11T23:51:39.689848",
      "2024-10-11T23:51:39.689851",
      "2024-10-11T23:51:39.689854",
      "2024-10-11T23:51:39.689857",
      "2024-10-11T23:51:39.689861",
      "2024-10-11T23:51:39.689864",
      "2024-10-11T23:51:39.689867",
      "2024-10-11T23:51:39.689870",
      "2024-10-11T23:51:39.689874",
      "2024-10-11T23:51:39.689877",
      "2024-10-11T23:51:39.689880",
      "2024-10-11T23:51:39.689883",
      "2024-10-11T23:51:39.689887",
      "2024-10-11T23:51:39.689890",
      "2024-10-11T23:51:39.689893",
      "2024-10-11T23:51:39.690140",
      "2024-10-11T23:51:39.690144",
      "2024-10-11T23:51:39.690147",
      "2024-10-11T23:51:39.690150",
      "2024-10-11T23:51:39.690153",
      "2024-10-11T23:51:39.690157",
      "2024-10-11T23:51:39.690160",
      "2024-10-11T23:51:39.690163",
      "2024-10-11T23:51:39.690167",
      "2024-10-11T23:51:39.690170",
      "2024-10-11T23:51:39.690173",
      "2024-10-11T23:51:39.690176",
      "2024-10-11T23:51:39.690180",
      "2024-10-11T23:51:39.690183",
      "2024-10-11T23:51:39.690186",
      "2024-10-11T23:51:39.690190",
      "2024-10-11T23:51:39.690193",
      "2024-10-11T23:51:39.690196",
      "2024-10-11T23:51:39.690199",
      "2024-10-11T23:51:39.690202",
      "2024-10-11T23:51:39.690462",
      "2024-10-11T23:51:39.690466",
      "2024-10-11T23:51:39.690469",
      "2024-10-11T23:51:39.690473",
      "2024-10-11T23:51:39.690476",
      "2024-10-11T23:51:39.690480",
      "2024-10-11T23:51:39.690483",
      "2024-10-11T23:51:39.690487",
      "2024-10-11T23:51:39.690490",
      "2024-10-11T23:51:39.690494",
      "2024-10-11T23:51:39.690497",
      "2024-10-11T23:51:39.690501",
      "2024-10-11T23:51:39.690504",
      "2024-10-11T23:51:39.690507",
      "2024-10-11T23:51:39.690511",
      "2024-10-11T23:51:39.690514",
      "2024-10-11T23:51:39.690518",
      "2024-10-11T23:51:39.690521",
      "2024-10-11T23:51:39.690524",
      "2024-10-11T23:51:39.690528",
      "2024-10-11T23:51:39.690791",
      "2024-10-11T23:51:39.690794",
      "2024-10-11T23:51:39.690798",
      "2024-10-11T23:51:39.690801",
      "2024-10-11T23:51:39.690804",
      "2024-10-11T23:51:39.690808",
      "2024-10-11T23:51:39.690811",
      "2024-10-11T23:51:39.690814",
      "2024-10-11T23:51:39.690818",
      "2024-10-11T23:51:39.690821",
      "2024-10-11T23:51:39.690824",
      "2024-10-11T23:51:39.690827",
      "2024-10-11T23:51:39.690831",
      "2024-10-11T23:51:39.690834",
      "2024-10-11T23:51:39.690838",
      "2024-10-11T23:51:39.690841",
      "2024-10-11T23:51:39.690849",
      "2024-10-11T23:51:39.690853",
      "2024-10-11T23:51:39.690856",
      "2024-10-11T23:51:39.690859",
      "2024-10-11T23:51:39.691111",
      "2024-10-11T23:51:39.691114",
      "2024-10-11T23:51:39.691118",
      "2024-10-11T23:51:39.691121",
      "2024-10-11T23:51:39.691124",
      "2024-10-11T23:51:39.691128",
      "2024-10-11T23:51:39.691131",
      "2024-10-11T23:51:39.691136",
      "2024-10-11T23:51:39.691139",
      "2024-10-11T23:51:39.691143",
      "2024-10-11T23:51:39.691146",
      "2024-10-11T23:51:39.691149",
      "2024-10-11T23:51:39.691152",
      "2024-10-11T23:51:39.691156",
      "2024-10-11T23:51:39.691159",
      "2024-10-11T23:51:39.691162",
      "2024-10-11T23:51:39.691165",
      "2024-10-11T23:51:39.691169",
      "2024-10-11T23:51:39.691172",
      "2024-10-11T23:51:39.691175",
      "2024-10-11T23:51:39.691429",
      "2024-10-11T23:51:39.691432",
      "2024-10-11T23:51:39.691435",
      "2024-10-11T23:51:39.691439",
      "2024-10-11T23:51:39.691442",
      "2024-10-11T23:51:39.691445",
      "2024-10-11T23:51:39.691449",
      "2024-10-11T23:51:39.691452",
      "2024-10-11T23:51:39.691455",
      "2024-10-11T23:51:39.691459",
      "2024-10-11T23:51:39.691462",
      "2024-10-11T23:51:39.691465",
      "2024-10-11T23:51:39.691469",
      "2024-10-11T23:51:39.691472",
      "2024-10-11T23:51:39.691475",
      "2024-10-11T23:51:39.691479",
      "2024-10-11T23:51:39.691482",
      "2024-10-11T23:51:39.691486",
      "2024-10-11T23:51:39.691489",
      "2024-10-11T23:51:39.691493",
      "2024-10-11T23:51:39.691741",
      "2024-10-11T23:51:39.691744",
      "2024-10-11T23:51:39.691747",
      "2024-10-11T23:51:39.691751",
      "2024-10-11T23:51:39.691754",
      "2024-10-11T23:51:39.691757",
      "2024-10-11T23:51:39.691789",
      "2024-10-11T23:51:39.691793",
      "2024-10-11T23:51:39.691796",
      "2024-10-11T23:51:39.691799",
      "2024-10-11T23:51:39.691803",
      "2024-10-11T23:51:39.691806",
      "2024-10-11T23:51:39.691809",
      "2024-10-11T23:51:39.691813",
      "2024-10-11T23:51:39.691816",
      "2024-10-11T23:51:39.691819",
      "2024-10-11T23:51:39.691822",
      "2024-10-11T23:51:39.691826",
      "2024-10-11T23:51:39.691829",
      "2024-10-11T23:51:39.691832",
      "2024-10-11T23:51:39.692080",
      "2024-10-11T23:51:39.692084",
      "2024-10-11T23:51:39.692087",
      "2024-10-11T23:51:39.692090",
      "2024-10-11T23:51:39.692094",
      "2024-10-11T23:51:39.692097",
      "2024-10-11T23:51:39.692100",
      "2024-10-11T23:51:39.692103",
      "2024-10-11T23:51:39.692106",
      "2024-10-11T23:51:39.692110",
      "2024-10-11T23:51:39.692113",
      "2024-10-11T23:51:39.692116",
      "2024-10-11T23:51:39.692120",
      "2024-10-11T23:51:39.692123",
      "2024-10-11T23:51:39.692126",
      "2024-10-11T23:51:39.692129",
      "2024-10-11T23:51:39.692133",
      "2024-10-11T23:51:39.692136",
      "2024-10-11T23:51:39.692139",
      "2024-10-11T23:51:39.692142",
      "2024-10-11T23:51:39.692405",
      "2024-10-11T23:51:39.692408",
      "2024-10-11T23:51:39.692412",
      "2024-10-11T23:51:39.692415",
      "2024-10-11T23:51:39.692419",
      "2024-10-11T23:51:39.692422",
      "2024-10-11T23:51:39.692426",
      "2024-10-11T23:51:39.692429",
      "2024-10-11T23:51:39.692433",
      "2024-10-11T23:51:39.692436",
      "2024-10-11T23:51:39.692439",
      "2024-10-11T23:51:39.692448",
      "2024-10-11T23:51:39.692451",
      "2024-10-11T23:51:39.692455",
      "2024-10-11T23:51:39.692458",
      "2024-10-11T23:51:39.692462",
      "2024-10-11T23:51:39.692465",
      "2024-10-11T23:51:39.692468",
      "2024-10-11T23:51:39.692472",
      "2024-10-11T23:51:39.692475",
      "2024-10-11T23:51:39.692736",
      "2024-10-11T23:51:39.692739",
      "2024-10-11T23:51:39.692742",
      "2024-10-11T23:51:39.692746",
      "2024-10-11T23:51:39.692749",
      "2024-10-11T23:51:39.692752",
      "2024-10-11T23:51:39.692755",
      "2024-10-11T23:51:39.692759",
      "2024-10-11T23:51:39.692762",
      "2024-10-11T23:51:39.692770",
      "2024-10-11T23:51:39.692774",
      "2024-10-11T23:51:39.692777",
      "2024-10-11T23:51:39.692780",
      "2024-10-11T23:51:39.692783",
      "2024-10-11T23:51:39.692786",
      "2024-10-11T23:51:39.692790",
      "2024-10-11T23:51:39.692793",
      "2024-10-11T23:51:39.692796",
      "2024-10-11T23:51:39.692799",
      "2024-10-11T23:51:39.692802",
      "2024-10-11T23:51:39.693050",
      "2024-10-11T23:51:39.693054",
      "2024-10-11T23:51:39.693057",
      "2024-10-11T23:51:39.693060",
      "2024-10-11T23:51:39.693064",
      "2024-10-11T23:51:39.693067",
      "2024-10-11T23:51:39.693072",
      "2024-10-11T23:51:39.693075",
      "2024-10-11T23:51:39.693079",
      "2024-10-11T23:51:39.693082",
      "2024-10-11T23:51:39.693085",
      "2024-10-11T23:51:39.693088",
      "2024-10-11T23:51:39.693092",
      "2024-10-11T23:51:39.693095",
      "2024-10-11T23:51:39.693099",
      "2024-10-11T23:51:39.693102",
      "2024-10-11T23:51:39.693105",
      "2024-10-11T23:51:39.693109",
      "2024-10-11T23:51:39.693112",
      "2024-10-11T23:51:39.693115",
      "2024-10-11T23:51:39.693373",
      "2024-10-11T23:51:39.693377",
      "2024-10-11T23:51:39.693380",
      "2024-10-11T23:51:39.693384",
      "2024-10-11T23:51:39.693387",
      "2024-10-11T23:51:39.693390",
      "2024-10-11T23:51:39.693399",
      "2024-10-11T23:51:39.693402",
      "2024-10-11T23:51:39.693405",
      "2024-10-11T23:51:39.693409",
      "2024-10-11T23:51:39.693412",
      "2024-10-11T23:51:39.693416",
      "2024-10-11T23:51:39.693419",
      "2024-10-11T23:51:39.693422",
      "2024-10-11T23:51:39.693426",
      "2024-10-11T23:51:39.693429",
      "2024-10-11T23:51:39.693432",
      "2024-10-11T23:51:39.693436",
      "2024-10-11T23:51:39.693439",
      "2024-10-11T23:51:39.693442",
      "2024-10-11T23:51:39.693699",
      "2024-10-11T23:51:39.693702",
      "2024-10-11T23:51:39.693706",
      "2024-10-11T23:51:39.693709",
      "2024-10-11T23:51:39.693712",
      "2024-10-11T23:51:39.693719",
      "2024-10-11T23:51:39.693723",
      "2024-10-11T23:51:39.693726",
      "2024-10-11T23:51:39.693729",
      "2024-10-11T23:51:39.693733",
      "2024-10-11T23:51:39.693736",
      "2024-10-11T23:51:39.693739",
      "2024-10-11T23:51:39.693743",
      "2024-10-11T23:51:39.693746",
      "2024-10-11T23:51:39.693749",
      "2024-10-11T23:51:39.693753",
      "2024-10-11T23:51:39.693756",
      "2024-10-11T23:51:39.693759",
      "2024-10-11T23:51:39.693763",
      "2024-10-11T23:51:39.693766",
      "2024-10-11T23:51:39.694029",
      "2024-10-11T23:51:39.694033",
      "2024-10-11T23:51:39.694040",
      "2024-10-11T23:51:39.694043",
      "2024-10-11T23:51:39.694047",
      "2024-10-11T23:51:39.694050",
      "2024-10-11T23:51:39.694053",
      "2024-10-11T23:51:39.694057",
      "2024-10-11T23:51:39.694060",
      "2024-10-11T23:51:39.694063",
      "2024-10-11T23:51:39.694067",
      "2024-10-11T23:51:39.694072",
      "2024-10-11T23:51:39.694076",
      "2024-10-11T23:51:39.694079",
      "2024-10-11T23:51:39.694082",
      "2024-10-11T23:51:39.694085",
      "2024-10-11T23:51:39.694089",
      "2024-10-11T23:51:39.694092",
      "2024-10-11T23:51:39.694095",
      "2024-10-11T23:51:39.694099",
      "2024-10-11T23:51:39.694353",
      "2024-10-11T23:51:39.694356",
      "2024-10-11T23:51:39.694360",
      "2024-10-11T23:51:39.694363",
      "2024-10-11T23:51:39.694367",
      "2024-10-11T23:51:39.694371",
      "2024-10-11T23:51:39.694375",
      "2024-10-11T23:51:39.694378",
      "2024-10-11T23:51:39.694382",
      "2024-10-11T23:51:39.694385",
      "2024-10-11T23:51:39.694388",
      "2024-10-11T23:51:39.694393",
      "2024-10-11T23:51:39.694397",
      "2024-10-11T23:51:39.694400",
      "2024-10-11T23:51:39.694403",
      "2024-10-11T23:51:39.694407",
      "2024-10-11T23:51:39.694410",
      "2024-10-11T23:51:39.694413",
      "2024-10-11T23:51:39.694417",
      "2024-10-11T23:51:39.694420",
      "2024-10-11T23:51:39.694683",
      "2024-10-11T23:51:39.694686",
      "2024-10-11T23:51:39.694690",
      "2024-10-11T23:51:39.694693",
      "2024-10-11T23:51:39.694697",
      "2024-10-11T23:51:39.694700",
      "2024-10-11T23:51:39.694704",
      "2024-10-11T23:51:39.694707",
      "2024-10-11T23:51:39.694710",
      "2024-10-11T23:51:39.694723",
      "2024-10-11T23:51:39.694726",
      "2024-10-11T23:51:39.694729",
      "2024-10-11T23:51:39.694733",
      "2024-10-11T23:51:39.694736",
      "2024-10-11T23:51:39.694740",
      "2024-10-11T23:51:39.694743",
      "2024-10-11T23:51:39.694746",
      "2024-10-11T23:51:39.694750",
      "2024-10-11T23:51:39.694753",
      "2024-10-11T23:51:39.694756",
      "2024-10-11T23:51:39.695014",
      "2024-10-11T23:51:39.695018",
      "2024-10-11T23:51:39.695021",
      "2024-10-11T23:51:39.695024",
      "2024-10-11T23:51:39.695028",
      "2024-10-11T23:51:39.695031",
      "2024-10-11T23:51:39.695034",
      "2024-10-11T23:51:39.695038",
      "2024-10-11T23:51:39.695041",
      "2024-10-11T23:51:39.695044",
      "2024-10-11T23:51:39.695047",
      "2024-10-11T23:51:39.695051",
      "2024-10-11T23:51:39.695054",
      "2024-10-11T23:51:39.695057",
      "2024-10-11T23:51:39.695061",
      "2024-10-11T23:51:39.695064",
      "2024-10-11T23:51:39.695067",
      "2024-10-11T23:51:39.695070",
      "2024-10-11T23:51:39.695074",
      "2024-10-11T23:51:39.695077",
      "2024-10-11T23:51:39.695335",
      "2024-10-11T23:51:39.695338",
      "2024-10-11T23:51:39.695342",
      "2024-10-11T23:51:39.695345",
      "2024-10-11T23:51:39.695348",
      "2024-10-11T23:51:39.695352",
      "2024-10-11T23:51:39.695355",
      "2024-10-11T23:51:39.695358",
      "2024-10-11T23:51:39.695362",
      "2024-10-11T23:51:39.695365",
      "2024-10-11T23:51:39.695368",
      "2024-10-11T23:51:39.695372",
      "2024-10-11T23:51:39.695375",
      "2024-10-11T23:51:39.695378",
      "2024-10-11T23:51:39.695382",
      "2024-10-11T23:51:39.695385",
      "2024-10-11T23:51:39.695388",
      "2024-10-11T23:51:39.695392",
      "2024-10-11T23:51:39.695395",
      "2024-10-11T23:51:39.695398",
      "2024-10-11T23:51:39.695653",
      "2024-10-11T23:51:39.695656",
      "2024-10-11T23:51:39.695660",
      "2024-10-11T23:51:39.695669",
      "2024-10-11T23:51:39.695673",
      "2024-10-11T23:51:39.695683",
      "2024-10-11T23:51:39.695693",
      "2024-10-11T23:51:39.695696",
      "2024-10-11T23:51:39.695700",
      "2024-10-11T23:51:39.695703",
      "2024-10-11T23:51:39.695706",
      "2024-10-11T23:51:39.695710",
      "2024-10-11T23:51:39.695713",
      "2024-10-11T23:51:39.695716",
      "2024-10-11T23:51:39.695720",
      "2024-10-11T23:51:39.695723",
      "2024-10-11T23:51:39.695726",
      "2024-10-11T23:51:39.695730",
      "2024-10-11T23:51:39.695733",
      "2024-10-11T23:51:39.695736",
      "2024-10-11T23:51:39.695994",
      "2024-10-11T23:51:39.696006",
      "2024-10-11T23:51:39.696009",
      "2024-10-11T23:51:39.696013",
      "2024-10-11T23:51:39.696017",
      "2024-10-11T23:51:39.696020",
      "2024-10-11T23:51:39.696024",
      "2024-10-11T23:51:39.696027",
      "2024-10-11T23:51:39.696031",
      "2024-10-11T23:51:39.696035",
      "2024-10-11T23:51:39.696040",
      "2024-10-11T23:51:39.696045",
      "2024-10-11T23:51:39.696049",
      "2024-10-11T23:51:39.696057",
      "2024-10-11T23:51:39.696061",
      "2024-10-11T23:51:39.696064",
      "2024-10-11T23:51:39.696068",
      "2024-10-11T23:51:39.696071",
      "2024-10-11T23:51:39.696075",
      "2024-10-11T23:51:39.696078",
      "2024-10-11T23:51:39.696353",
      "2024-10-11T23:51:39.696357",
      "2024-10-11T23:51:39.696361",
      "2024-10-11T23:51:39.696364",
      "2024-10-11T23:51:39.696368",
      "2024-10-11T23:51:39.696372",
      "2024-10-11T23:51:39.696375",
      "2024-10-11T23:51:39.696379",
      "2024-10-11T23:51:39.696382",
      "2024-10-11T23:51:39.696386",
      "2024-10-11T23:51:39.696389",
      "2024-10-11T23:51:39.696393",
      "2024-10-11T23:51:39.696396",
      "2024-10-11T23:51:39.696400",
      "2024-10-11T23:51:39.696404",
      "2024-10-11T23:51:39.696407",
      "2024-10-11T23:51:39.696411",
      "2024-10-11T23:51:39.696414",
      "2024-10-11T23:51:39.696418",
      "2024-10-11T23:51:39.696421",
      "2024-10-11T23:51:39.696704",
      "2024-10-11T23:51:39.696708",
      "2024-10-11T23:51:39.696711",
      "2024-10-11T23:51:39.696715",
      "2024-10-11T23:51:39.696719",
      "2024-10-11T23:51:39.696722",
      "2024-10-11T23:51:39.696726",
      "2024-10-11T23:51:39.696730",
      "2024-10-11T23:51:39.696734",
      "2024-10-11T23:51:39.696737",
      "2024-10-11T23:51:39.696741",
      "2024-10-11T23:51:39.696744",
      "2024-10-11T23:51:39.696748",
      "2024-10-11T23:51:39.696751",
      "2024-10-11T23:51:39.696755",
      "2024-10-11T23:51:39.696758",
      "2024-10-11T23:51:39.696762",
      "2024-10-11T23:51:39.696765",
      "2024-10-11T23:51:39.696769",
      "2024-10-11T23:51:39.696773",
      "2024-10-11T23:51:39.697037",
      "2024-10-11T23:51:39.697041",
      "2024-10-11T23:51:39.697044",
      "2024-10-11T23:51:39.697048",
      "2024-10-11T23:51:39.697051",
      "2024-10-11T23:51:39.697054",
      "2024-10-11T23:51:39.697058",
      "2024-10-11T23:51:39.697061",
      "2024-10-11T23:51:39.697064",
      "2024-10-11T23:51:39.697068",
      "2024-10-11T23:51:39.697071",
      "2024-10-11T23:51:39.697075",
      "2024-10-11T23:51:39.697078",
      "2024-10-11T23:51:39.697081",
      "2024-10-11T23:51:39.697084",
      "2024-10-11T23:51:39.697088",
      "2024-10-11T23:51:39.697091",
      "2024-10-11T23:51:39.697094",
      "2024-10-11T23:51:39.697098",
      "2024-10-11T23:51:39.697101",
      "2024-10-11T23:51:39.697358",
      "2024-10-11T23:51:39.697361",
      "2024-10-11T23:51:39.697365",
      "2024-10-11T23:51:39.697368",
      "2024-10-11T23:51:39.697371",
      "2024-10-11T23:51:39.697375",
      "2024-10-11T23:51:39.697378",
      "2024-10-11T23:51:39.697587",
      "2024-10-11T23:51:39.697591",
      "2024-10-11T23:51:39.697594",
      "2024-10-11T23:51:39.697598",
      "2024-10-11T23:51:39.697601",
      "2024-10-11T23:51:39.697605",
      "2024-10-11T23:51:39.697608",
      "2024-10-11T23:51:39.697612",
      "2024-10-11T23:51:39.697615",
      "2024-10-11T23:51:39.697619",
      "2024-10-11T23:51:39.697622",
      "2024-10-11T23:51:39.697625",
      "2024-10-11T23:51:39.697629",
      "2024-10-11T23:51:39.697885",
      "2024-10-11T23:51:39.697889",
      "2024-10-11T23:51:39.697892",
      "2024-10-11T23:51:39.697896",
      "2024-10-11T23:51:39.697899",
      "2024-10-11T23:51:39.697902",
      "2024-10-11T23:51:39.697906",
      "2024-10-11T23:51:39.697909",
      "2024-10-11T23:51:39.697912",
      "2024-10-11T23:51:39.697916",
      "2024-10-11T23:51:39.697920",
      "2024-10-11T23:51:39.697923",
      "2024-10-11T23:51:39.697926",
      "2024-10-11T23:51:39.697930",
      "2024-10-11T23:51:39.697933",
      "2024-10-11T23:51:39.697937",
      "2024-10-11T23:51:39.697940",
      "2024-10-11T23:51:39.697943",
      "2024-10-11T23:51:39.697947",
      "2024-10-11T23:51:39.697950",
      "2024-10-11T23:51:39.698205",
      "2024-10-11T23:51:39.698209",
      "2024-10-11T23:51:39.698219",
      "2024-10-11T23:51:39.698223",
      "2024-10-11T23:51:39.698226",
      "2024-10-11T23:51:39.698229",
      "2024-10-11T23:51:39.698233",
      "2024-10-11T23:51:39.698236",
      "2024-10-11T23:51:39.698240",
      "2024-10-11T23:51:39.698243",
      "2024-10-11T23:51:39.698246",
      "2024-10-11T23:51:39.698250",
      "2024-10-11T23:51:39.698253",
      "2024-10-11T23:51:39.698256",
      "2024-10-11T23:51:39.698260",
      "2024-10-11T23:51:39.698263",
      "2024-10-11T23:51:39.698266",
      "2024-10-11T23:51:39.698270",
      "2024-10-11T23:51:39.698273",
      "2024-10-11T23:51:39.698276",
      "2024-10-11T23:51:39.698541",
      "2024-10-11T23:51:39.698545",
      "2024-10-11T23:51:39.698548",
      "2024-10-11T23:51:39.698552",
      "2024-10-11T23:51:39.698555",
      "2024-10-11T23:51:39.698558",
      "2024-10-11T23:51:39.698562",
      "2024-10-11T23:51:39.698565",
      "2024-10-11T23:51:39.698569",
      "2024-10-11T23:51:39.698572",
      "2024-10-11T23:51:39.698575",
      "2024-10-11T23:51:39.698578",
      "2024-10-11T23:51:39.698582",
      "2024-10-11T23:51:39.698585",
      "2024-10-11T23:51:39.698588",
      "2024-10-11T23:51:39.698592",
      "2024-10-11T23:51:39.698595",
      "2024-10-11T23:51:39.698598",
      "2024-10-11T23:51:39.698602",
      "2024-10-11T23:51:39.698605",
      "2024-10-11T23:51:39.698868",
      "2024-10-11T23:51:39.698871",
      "2024-10-11T23:51:39.698874",
      "2024-10-11T23:51:39.698884",
      "2024-10-11T23:51:39.698888",
      "2024-10-11T23:51:39.698891",
      "2024-10-11T23:51:39.698894",
      "2024-10-11T23:51:39.698898",
      "2024-10-11T23:51:39.698901",
      "2024-10-11T23:51:39.698904",
      "2024-10-11T23:51:39.698908",
      "2024-10-11T23:51:39.698911",
      "2024-10-11T23:51:39.698914",
      "2024-10-11T23:51:39.698918",
      "2024-10-11T23:51:39.698921",
      "2024-10-11T23:51:39.698925",
      "2024-10-11T23:51:39.698938",
      "2024-10-11T23:51:39.698941",
      "2024-10-11T23:51:39.698944",
      "2024-10-11T23:51:39.698948",
      "2024-10-11T23:51:39.699205",
      "2024-10-11T23:51:39.699209",
      "2024-10-11T23:51:39.699212",
      "2024-10-11T23:51:39.699216",
