{
  "ensemble.best_rated_accuracy": {
    "steps": [
      50,
      100,
      150,
      200,
      250,
      300,
      350,
      400,
      450,
      500,
      550,
      600,
      650,
      700,
      750,
      800,
      850,
      900,
      950,
      1000
    ],
    "timestamps": [
      "2024-10-05T23:49:40.446585",
      "2024-10-05T23:49:40.453592",
      "2024-10-05T23:49:40.460832",
      "2024-10-05T23:49:40.468679",
      "2024-10-05T23:49:40.476040",
      "2024-10-05T23:49:40.482903",
      "2024-10-05T23:49:40.490371",
      "2024-10-05T23:49:40.498002",
      "2024-10-05T23:49:40.505229",
      "2024-10-05T23:49:40.511563",
      "2024-10-05T23:49:40.518719",
      "2024-10-05T23:49:40.525262",
      "2024-10-05T23:49:40.556542",
      "2024-10-05T23:49:40.562932",
      "2024-10-05T23:49:40.569692",
      "2024-10-05T23:49:40.576970",
      "2024-10-05T23:49:40.583539",
      "2024-10-05T23:49:40.590713",
      "2024-10-05T23:49:40.598012",
      "2024-10-05T23:49:40.605280"
    ],
    "values": [
      0.92,
      0.94,
      0.96,
      0.98,
      0.98,
      0.98,
      0.98,
      0.98,
      0.98,
      0.96,
      0.96,
      0.98,
      0.96,
      0.96,
      0.98,
      0.94,
      0.94,
      0.94,
      0.94,
      0.94
    ]
  },
  "ensemble.majority_accuracy": {
    "steps": [
      50,
      100,
      150,
      200,
      250,
      300,
      350,
      400,
      450,
      500,
      550,
      600,
      650,
      700,
      750,
      800,
      850,
      900,
      950,
      1000
    ],
    "timestamps": [
      "2024-10-05T23:49:40.446587",
      "2024-10-05T23:49:40.453594",
      "2024-10-05T23:49:40.460834",
      "2024-10-05T23:49:40.468681",
      "2024-10-05T23:49:40.476041",
      "2024-10-05T23:49:40.482905",
      "2024-10-05T23:49:40.490372",
      "2024-10-05T23:49:40.498003",
      "2024-10-05T23:49:40.505231",
      "2024-10-05T23:49:40.511565",
      "2024-10-05T23:49:40.518721",
      "2024-10-05T23:49:40.525264",
      "2024-10-05T23:49:40.556544",
      "2024-10-05T23:49:40.562934",
      "2024-10-05T23:49:40.569694",
      "2024-10-05T23:49:40.576972",
      "2024-10-05T23:49:40.583541",
      "2024-10-05T23:49:40.590714",
      "2024-10-05T23:49:40.598014",
      "2024-10-05T23:49:40.605282"
    ],
    "values": [
      0.9,
      0.94,
      0.96,
      0.98,
      0.98,
      0.98,
      0.96,
      0.96,
      0.96,
      0.96,
      0.96,
      0.98,
      0.96,
      0.96,
      0.96,
      0.94,
      0.94,
      0.94,
      0.94,
      0.94
    ]
  },
  "learner0.games_lost": {
    "steps": [
      0,
      1,
      2,
      3,
      4,
      5,
      6,
      7,
      9,
      10,
      11,
      12,
      13,
      14,
      16,
      17,
      18,
      20,
      23,
      25,
      26,
      27,
      28,
      30,
      33,
      34,
      35,
      36,
      37,
      38,
      39,
      43,
      44,
      45,
      46,
      47,
      49,
      50,
      51,
      52,
      53,
      55,
      61,
      62,
      63,
      64,
      67,
      69,
      70,
      74,
      75,
      76,
      77,
      78,
      79,
      80,
      81,
      83,
      84,
      85,
      86,
      87,
      88,
      89,
      90,
      91,
      92,
      93,
      94,
      95,
      100,
      101,
      102,
      103,
      104,
      105,
      106,
      107,
      108,
      109,
      110,
      111,
      115,
      117,
      118,
      119,
      122,
      124,
      126,
      129,
      130,
      131,
      132,
      133,
      135,
      136,
      137,
      138,
      139,
      140,
      141,
      145,
      146,
      148,
      149,
      152,
      153,
      154,
      156,
      158,
      159,
      161,
      162,
      163,
      164,
      165,
      166,
      168,
      169,
      170,
      171,
      172,
      173,
      174,
      175,
      176,
      178,
      179,
      182,
      183,
      185,
      187,
      189,
      191,
      192,
      194,
      195,
      197,
      198,
      199,
      201,
      202,
      203,
      205,
      207,
      209,
      210,
      211,
      212,
      213,
      214,
      215,
      217,
      218,
      219,
      220,
      224,
      225,
      227,
      230,
      231,
      232,
      233,
      234,
      235,
      236,
      237,
      238,
      239,
      240,
      241,
      242,
      244,
      245,
      246,
      247,
      248,
      251,
      253,
      256,
      257,
      258,
      259,
      260,
      261,
      262,
      266,
      267,
      268,
      269,
      270,
      271,
      272,
      273,
      276,
      277,
      278,
      279,
      280,
      281,
      282,
      284,
      286,
      288,
      289,
      290,
      291,
      294,
      295,
      296,
      298,
      299,
      301,
      302,
      304,
      305,
      307,
      308,
      309,
      310,
      311,
      312,
      314,
      315,
      316,
      317,
      318,
      320,
      321,
      322,
      325,
      326,
      328,
      329,
      330,
      331,
      332,
      333,
      335,
      337,
      338,
      339,
      340,
      341,
      343,
      344,
      345,
      346,
      349,
      350,
      351,
      352,
      353,
      354,
      355,
      356,
      358,
      360,
      362,
      364,
      365,
      367,
      368,
      369,
      370,
      372,
      373,
      374,
      375,
      376,
      377,
      379,
      380,
      381,
      383,
      385,
      386,
      387,
      388,
      389,
      390,
      391,
      392,
      393,
      394,
      396,
      398,
      401,
      402,
      403,
      404,
      406,
      407,
      408,
      409,
      410,
      411,
      412,
      414,
      415,
      416,
      417,
      418,
      422,
      423,
      424,
      425,
      426,
      428,
      429,
      430,
      431,
      432,
      433,
      435,
      437,
      439,
      440,
      441,
      442,
      443,
      444,
      445,
      447,
      449,
      450,
      451,
      452,
      453,
      454,
      455,
      456,
      457,
      458,
      460,
      461,
      466,
      470,
      471,
      473,
      474,
      475,
      476,
      477,
      479,
      481,
      482,
      483,
      484,
      485,
      486,
      487,
      488,
      492,
      493,
      494,
      495,
      499,
      500,
      501,
      502,
      504,
      505,
      506,
      507,
      513,
      514,
      515,
      516,
      518,
      520,
      524,
      525,
      526,
      527,
      528,
      529,
      530,
      531,
      532,
      534,
      535,
      536,
      537,
      538,
      539,
      540,
      542,
      543,
      544,
      545,
      546,
      547,
      548,
      549,
      552,
      553,
      554,
      555,
      557,
      558,
      560,
      561,
      562,
      564,
      565,
      566,
      567,
      572,
      579,
      580,
      581,
      582,
      583,
      584,
      585,
      586,
      587,
      588,
      589,
      590,
      591,
      593,
      594,
      596,
      599,
      604,
      605,
      606,
      607,
      608,
      610,
      613,
      615,
      617,
      618,
      620,
      623,
      624,
      626,
      629,
      631,
      632,
      633,
      634,
      635,
      636,
      637,
      638,
      639,
      641,
      644,
      647,
      648,
      650,
      651,
      653,
      654,
      655,
      657,
      659,
      661,
      663,
      664,
      665,
      667,
      668,
      671,
      674,
      675,
      676,
      677,
      679,
      680,
      681,
      683,
      685,
      687,
      688,
      691,
      692,
      693,
      694,
      696,
      698,
      699,
      700,
      702,
      704,
      705,
      706,
      707,
      708,
      709,
      712,
      713,
      714,
      715,
      716,
      717,
      718,
      720,
      721,
      722,
      723,
      724,
      725,
      726,
      730,
      731,
      733,
      736,
      737,
      738,
      741,
      742,
      743,
      744,
      745,
      747,
      748,
      749,
      750,
      752,
      753,
      754,
      756,
      757,
      760,
      761,
      762,
      763,
      764,
      765,
      766,
      767,
      768,
      769,
      770,
      771,
      772,
      773,
      774,
      775,
      776,
      779,
      781,
      783,
      784,
      787,
      788,
      789,
      790,
      792,
      793,
      794,
      795,
      797,
      799,
      802,
      803,
      804,
      805,
      806,
      807,
      808,
      813,
      815,
      818,
      820,
      822,
      823,
      824,
      825,
      827,
      828,
      829,
      830,
      831,
      833,
      834,
      835,
      837,
      838,
      839,
      840,
      841,
      845,
      846,
      847,
      848,
      850,
      851,
      852,
      855,
      857,
      859,
      861,
      862,
      863,
      864,
      865,
      866,
      867,
      872,
      873,
      874,
      875,
      876,
      877,
      879,
      882,
      883,
      885,
      887,
      888,
      889,
      891,
      893,
      894,
      896,
      897,
      899,
      900,
      903,
      904,
      905,
      907,
      909,
      910,
      911,
      913,
      914,
      915,
      916,
      920,
      921,
      922,
      923,
      924,
      925,
      926,
      927,
      928,
      929,
      930,
      931,
      932,
      933,
      936,
      937,
      938,
      940,
      941,
      944,
      945,
      946,
      948,
      950,
      952,
      953,
      954,
      955,
      956,
      957,
      958,
      959,
      961,
      962,
      963,
      965,
      966,
      969,
      971,
      972,
      973,
      974,
      975,
      976,
      977,
      978,
      979,
      980,
      981,
      983,
      984,
      985,
      986,
      987,
      989,
      990,
      991,
      992,
      993,
      994,
      995,
      996,
      998,
      999
    ],
    "timestamps": [
      "2024-10-05T23:49:40.439007",
      "2024-10-05T23:49:40.439213",
      "2024-10-05T23:49:40.439378",
      "2024-10-05T23:49:40.439576",
      "2024-10-05T23:49:40.439759",
      "2024-10-05T23:49:40.439858",
      "2024-10-05T23:49:40.439962",
      "2024-10-05T23:49:40.439997",
      "2024-10-05T23:49:40.440496",
      "2024-10-05T23:49:40.440621",
      "2024-10-05T23:49:40.440702",
      "2024-10-05T23:49:40.440836",
      "2024-10-05T23:49:40.440870",
      "2024-10-05T23:49:40.440986",
      "2024-10-05T23:49:40.441073",
      "2024-10-05T23:49:40.441180",
      "2024-10-05T23:49:40.441275",
      "2024-10-05T23:49:40.441299",
      "2024-10-05T23:49:40.441679",
      "2024-10-05T23:49:40.442094",
      "2024-10-05T23:49:40.442252",
      "2024-10-05T23:49:40.442448",
      "2024-10-05T23:49:40.442498",
      "2024-10-05T23:49:40.442702",
      "2024-10-05T23:49:40.442834",
      "2024-10-05T23:49:40.443365",
      "2024-10-05T23:49:40.443493",
      "2024-10-05T23:49:40.443577",
      "2024-10-05T23:49:40.443749",
      "2024-10-05T23:49:40.443810",
      "2024-10-05T23:49:40.443877",
      "2024-10-05T23:49:40.444172",
      "2024-10-05T23:49:40.444312",
      "2024-10-05T23:49:40.444475",
      "2024-10-05T23:49:40.444543",
      "2024-10-05T23:49:40.444759",
      "2024-10-05T23:49:40.444950",
      "2024-10-05T23:49:40.446721",
      "2024-10-05T23:49:40.446782",
      "2024-10-05T23:49:40.446889",
      "2024-10-05T23:49:40.447079",
      "2024-10-05T23:49:40.447334",
      "2024-10-05T23:49:40.447663",
      "2024-10-05T23:49:40.447740",
      "2024-10-05T23:49:40.447896",
      "2024-10-05T23:49:40.448034",
      "2024-10-05T23:49:40.448301",
      "2024-10-05T23:49:40.448538",
      "2024-10-05T23:49:40.448590",
      "2024-10-05T23:49:40.448990",
      "2024-10-05T23:49:40.449089",
      "2024-10-05T23:49:40.449189",
      "2024-10-05T23:49:40.449343",
      "2024-10-05T23:49:40.449466",
      "2024-10-05T23:49:40.449593",
      "2024-10-05T23:49:40.449669",
      "2024-10-05T23:49:40.449796",
      "2024-10-05T23:49:40.450024",
      "2024-10-05T23:49:40.450086",
      "2024-10-05T23:49:40.450188",
      "2024-10-05T23:49:40.450316",
      "2024-10-05T23:49:40.450482",
      "2024-10-05T23:49:40.450626",
      "2024-10-05T23:49:40.450760",
      "2024-10-05T23:49:40.450839",
      "2024-10-05T23:49:40.450929",
      "2024-10-05T23:49:40.451066",
      "2024-10-05T23:49:40.451092",
      "2024-10-05T23:49:40.451305",
      "2024-10-05T23:49:40.451503",
      "2024-10-05T23:49:40.453618",
      "2024-10-05T23:49:40.453831",
      "2024-10-05T23:49:40.453949",
      "2024-10-05T23:49:40.454016",
      "2024-10-05T23:49:40.454133",
      "2024-10-05T23:49:40.454289",
      "2024-10-05T23:49:40.454379",
      "2024-10-05T23:49:40.454629",
      "2024-10-05T23:49:40.454830",
      "2024-10-05T23:49:40.454958",
      "2024-10-05T23:49:40.455067",
      "2024-10-05T23:49:40.455184",
      "2024-10-05T23:49:40.455545",
      "2024-10-05T23:49:40.455687",
      "2024-10-05T23:49:40.455768",
      "2024-10-05T23:49:40.455870",
      "2024-10-05T23:49:40.456136",
      "2024-10-05T23:49:40.456427",
      "2024-10-05T23:49:40.456458",
      "2024-10-05T23:49:40.456680",
      "2024-10-05T23:49:40.456810",
      "2024-10-05T23:49:40.456913",
      "2024-10-05T23:49:40.457116",
      "2024-10-05T23:49:40.457169",
      "2024-10-05T23:49:40.457374",
      "2024-10-05T23:49:40.457424",
      "2024-10-05T23:49:40.457617",
      "2024-10-05T23:49:40.457721",
      "2024-10-05T23:49:40.457762",
      "2024-10-05T23:49:40.457903",
      "2024-10-05T23:49:40.458145",
      "2024-10-05T23:49:40.458544",
      "2024-10-05T23:49:40.458645",
      "2024-10-05T23:49:40.458753",
      "2024-10-05T23:49:40.458858",
      "2024-10-05T23:49:40.461095",
      "2024-10-05T23:49:40.461199",
      "2024-10-05T23:49:40.461400",
      "2024-10-05T23:49:40.461491",
      "2024-10-05T23:49:40.461780",
      "2024-10-05T23:49:40.461920",
      "2024-10-05T23:49:40.462109",
      "2024-10-05T23:49:40.462309",
      "2024-10-05T23:49:40.462543",
      "2024-10-05T23:49:40.462668",
      "2024-10-05T23:49:40.462734",
      "2024-10-05T23:49:40.462910",
      "2024-10-05T23:49:40.463052",
      "2024-10-05T23:49:40.463144",
      "2024-10-05T23:49:40.463426",
      "2024-10-05T23:49:40.463633",
      "2024-10-05T23:49:40.463684",
      "2024-10-05T23:49:40.463801",
      "2024-10-05T23:49:40.463929",
      "2024-10-05T23:49:40.464040",
      "2024-10-05T23:49:40.464242",
      "2024-10-05T23:49:40.464322",
      "2024-10-05T23:49:40.464495",
      "2024-10-05T23:49:40.464821",
      "2024-10-05T23:49:40.465141",
      "2024-10-05T23:49:40.465380",
      "2024-10-05T23:49:40.465532",
      "2024-10-05T23:49:40.465682",
      "2024-10-05T23:49:40.465768",
      "2024-10-05T23:49:40.465940",
      "2024-10-05T23:49:40.466138",
      "2024-10-05T23:49:40.466310",
      "2024-10-05T23:49:40.466402",
      "2024-10-05T23:49:40.466555",
      "2024-10-05T23:49:40.466759",
      "2024-10-05T23:49:40.468847",
      "2024-10-05T23:49:40.468989",
      "2024-10-05T23:49:40.469124",
      "2024-10-05T23:49:40.469398",
      "2024-10-05T23:49:40.469628",
      "2024-10-05T23:49:40.469708",
      "2024-10-05T23:49:40.469773",
      "2024-10-05T23:49:40.469927",
      "2024-10-05T23:49:40.470103",
      "2024-10-05T23:49:40.470195",
      "2024-10-05T23:49:40.470283",
      "2024-10-05T23:49:40.470494",
      "2024-10-05T23:49:40.470585",
      "2024-10-05T23:49:40.470787",
      "2024-10-05T23:49:40.470917",
      "2024-10-05T23:49:40.470984",
      "2024-10-05T23:49:40.471184",
      "2024-10-05T23:49:40.471248",
      "2024-10-05T23:49:40.471463",
      "2024-10-05T23:49:40.471509",
      "2024-10-05T23:49:40.471665",
      "2024-10-05T23:49:40.471822",
      "2024-10-05T23:49:40.472009",
      "2024-10-05T23:49:40.472136",
      "2024-10-05T23:49:40.472335",
      "2024-10-05T23:49:40.472399",
      "2024-10-05T23:49:40.472599",
      "2024-10-05T23:49:40.472688",
      "2024-10-05T23:49:40.472852",
      "2024-10-05T23:49:40.472968",
      "2024-10-05T23:49:40.473123",
      "2024-10-05T23:49:40.473249",
      "2024-10-05T23:49:40.473504",
      "2024-10-05T23:49:40.473584",
      "2024-10-05T23:49:40.473832",
      "2024-10-05T23:49:40.473982",
      "2024-10-05T23:49:40.474122",
      "2024-10-05T23:49:40.476119",
      "2024-10-05T23:49:40.476239",
      "2024-10-05T23:49:40.476321",
      "2024-10-05T23:49:40.476476",
      "2024-10-05T23:49:40.476595",
      "2024-10-05T23:49:40.476659",
      "2024-10-05T23:49:40.476877",
      "2024-10-05T23:49:40.476979",
      "2024-10-05T23:49:40.477170",
      "2024-10-05T23:49:40.477427",
      "2024-10-05T23:49:40.477542",
      "2024-10-05T23:49:40.477672",
      "2024-10-05T23:49:40.477773",
      "2024-10-05T23:49:40.477799",
      "2024-10-05T23:49:40.477952",
      "2024-10-05T23:49:40.478140",
      "2024-10-05T23:49:40.478279",
      "2024-10-05T23:49:40.478463",
      "2024-10-05T23:49:40.478540",
      "2024-10-05T23:49:40.478704",
      "2024-10-05T23:49:40.478781",
      "2024-10-05T23:49:40.478934",
      "2024-10-05T23:49:40.479062",
      "2024-10-05T23:49:40.479257",
      "2024-10-05T23:49:40.479337",
      "2024-10-05T23:49:40.479577",
      "2024-10-05T23:49:40.479680",
      "2024-10-05T23:49:40.479905",
      "2024-10-05T23:49:40.480035",
      "2024-10-05T23:49:40.480085",
      "2024-10-05T23:49:40.480435",
      "2024-10-05T23:49:40.480537",
      "2024-10-05T23:49:40.480667",
      "2024-10-05T23:49:40.480854",
      "2024-10-05T23:49:40.481041",
      "2024-10-05T23:49:40.482983",
      "2024-10-05T23:49:40.483085",
      "2024-10-05T23:49:40.483275",
      "2024-10-05T23:49:40.483451",
      "2024-10-05T23:49:40.483579",
      "2024-10-05T23:49:40.483658",
      "2024-10-05T23:49:40.483799",
      "2024-10-05T23:49:40.483913",
      "2024-10-05T23:49:40.484101",
      "2024-10-05T23:49:40.484192",
      "2024-10-05T23:49:40.484393",
      "2024-10-05T23:49:40.484472",
      "2024-10-05T23:49:40.484646",
      "2024-10-05T23:49:40.485094",
      "2024-10-05T23:49:40.485208",
      "2024-10-05T23:49:40.485376",
      "2024-10-05T23:49:40.485492",
      "2024-10-05T23:49:40.485700",
      "2024-10-05T23:49:40.485832",
      "2024-10-05T23:49:40.485956",
      "2024-10-05T23:49:40.486122",
      "2024-10-05T23:49:40.486315",
      "2024-10-05T23:49:40.486507",
      "2024-10-05T23:49:40.486609",
      "2024-10-05T23:49:40.486672",
      "2024-10-05T23:49:40.486829",
      "2024-10-05T23:49:40.487043",
      "2024-10-05T23:49:40.487200",
      "2024-10-05T23:49:40.487303",
      "2024-10-05T23:49:40.487494",
      "2024-10-05T23:49:40.487613",
      "2024-10-05T23:49:40.487677",
      "2024-10-05T23:49:40.487855",
      "2024-10-05T23:49:40.487943",
      "2024-10-05T23:49:40.488081",
      "2024-10-05T23:49:40.488192",
      "2024-10-05T23:49:40.488346",
      "2024-10-05T23:49:40.490572",
      "2024-10-05T23:49:40.490601",
      "2024-10-05T23:49:40.490827",
      "2024-10-05T23:49:40.490898",
      "2024-10-05T23:49:40.491072",
      "2024-10-05T23:49:40.491275",
      "2024-10-05T23:49:40.491327",
      "2024-10-05T23:49:40.491653",
      "2024-10-05T23:49:40.491861",
      "2024-10-05T23:49:40.492138",
      "2024-10-05T23:49:40.492250",
      "2024-10-05T23:49:40.492413",
      "2024-10-05T23:49:40.492666",
      "2024-10-05T23:49:40.492876",
      "2024-10-05T23:49:40.493071",
      "2024-10-05T23:49:40.493244",
      "2024-10-05T23:49:40.493311",
      "2024-10-05T23:49:40.493455",
      "2024-10-05T23:49:40.493574",
      "2024-10-05T23:49:40.493671",
      "2024-10-05T23:49:40.493834",
      "2024-10-05T23:49:40.493860",
      "2024-10-05T23:49:40.494027",
      "2024-10-05T23:49:40.494203",
      "2024-10-05T23:49:40.494270",
      "2024-10-05T23:49:40.494404",
      "2024-10-05T23:49:40.494700",
      "2024-10-05T23:49:40.494763",
      "2024-10-05T23:49:40.494929",
      "2024-10-05T23:49:40.495055",
      "2024-10-05T23:49:40.495172",
      "2024-10-05T23:49:40.495333",
      "2024-10-05T23:49:40.495434",
      "2024-10-05T23:49:40.495547",
      "2024-10-05T23:49:40.495636",
      "2024-10-05T23:49:40.495811",
      "2024-10-05T23:49:40.495840",
      "2024-10-05T23:49:40.496037",
      "2024-10-05T23:49:40.498053",
      "2024-10-05T23:49:40.498245",
      "2024-10-05T23:49:40.498428",
      "2024-10-05T23:49:40.498554",
      "2024-10-05T23:49:40.498720",
      "2024-10-05T23:49:40.498908",
      "2024-10-05T23:49:40.499040",
      "2024-10-05T23:49:40.499143",
      "2024-10-05T23:49:40.499242",
      "2024-10-05T23:49:40.499351",
      "2024-10-05T23:49:40.499454",
      "2024-10-05T23:49:40.499618",
      "2024-10-05T23:49:40.499768",
      "2024-10-05T23:49:40.499846",
      "2024-10-05T23:49:40.499959",
      "2024-10-05T23:49:40.500124",
      "2024-10-05T23:49:40.500337",
      "2024-10-05T23:49:40.500462",
      "2024-10-05T23:49:40.500763",
      "2024-10-05T23:49:40.500862",
      "2024-10-05T23:49:40.501010",
      "2024-10-05T23:49:40.501215",
      "2024-10-05T23:49:40.501255",
      "2024-10-05T23:49:40.501446",
      "2024-10-05T23:49:40.501614",
      "2024-10-05T23:49:40.501741",
      "2024-10-05T23:49:40.501866",
      "2024-10-05T23:49:40.502028",
      "2024-10-05T23:49:40.502212",
      "2024-10-05T23:49:40.502306",
      "2024-10-05T23:49:40.502406",
      "2024-10-05T23:49:40.502534",
      "2024-10-05T23:49:40.502671",
      "2024-10-05T23:49:40.502746",
      "2024-10-05T23:49:40.502772",
      "2024-10-05T23:49:40.502910",
      "2024-10-05T23:49:40.503138",
      "2024-10-05T23:49:40.503361",
      "2024-10-05T23:49:40.505254",
      "2024-10-05T23:49:40.505429",
      "2024-10-05T23:49:40.505532",
      "2024-10-05T23:49:40.505596",
      "2024-10-05T23:49:40.505635",
      "2024-10-05T23:49:40.505749",
      "2024-10-05T23:49:40.505902",
      "2024-10-05T23:49:40.505951",
      "2024-10-05T23:49:40.506087",
      "2024-10-05T23:49:40.506269",
      "2024-10-05T23:49:40.506295",
      "2024-10-05T23:49:40.506490",
      "2024-10-05T23:49:40.506764",
      "2024-10-05T23:49:40.506884",
      "2024-10-05T23:49:40.507068",
      "2024-10-05T23:49:40.507255",
      "2024-10-05T23:49:40.507331",
      "2024-10-05T23:49:40.507447",
      "2024-10-05T23:49:40.507573",
      "2024-10-05T23:49:40.507664",
      "2024-10-05T23:49:40.507917",
      "2024-10-05T23:49:40.508088",
      "2024-10-05T23:49:40.508150",
      "2024-10-05T23:49:40.508323",
      "2024-10-05T23:49:40.508362",
      "2024-10-05T23:49:40.508561",
      "2024-10-05T23:49:40.508676",
      "2024-10-05T23:49:40.508752",
      "2024-10-05T23:49:40.508931",
      "2024-10-05T23:49:40.509102",
      "2024-10-05T23:49:40.509179",
      "2024-10-05T23:49:40.509338",
      "2024-10-05T23:49:40.509702",
      "2024-10-05T23:49:40.511601",
      "2024-10-05T23:49:40.511789",
      "2024-10-05T23:49:40.511900",
      "2024-10-05T23:49:40.512237",
      "2024-10-05T23:49:40.512262",
      "2024-10-05T23:49:40.512469",
      "2024-10-05T23:49:40.512520",
      "2024-10-05T23:49:40.512954",
      "2024-10-05T23:49:40.513147",
      "2024-10-05T23:49:40.513269",
      "2024-10-05T23:49:40.513391",
      "2024-10-05T23:49:40.513565",
      "2024-10-05T23:49:40.513715",
      "2024-10-05T23:49:40.513942",
      "2024-10-05T23:49:40.514040",
      "2024-10-05T23:49:40.514139",
      "2024-10-05T23:49:40.514325",
      "2024-10-05T23:49:40.514376",
      "2024-10-05T23:49:40.514544",
      "2024-10-05T23:49:40.514643",
      "2024-10-05T23:49:40.514774",
      "2024-10-05T23:49:40.514957",
      "2024-10-05T23:49:40.515189",
      "2024-10-05T23:49:40.515311",
      "2024-10-05T23:49:40.515375",
      "2024-10-05T23:49:40.515524",
      "2024-10-05T23:49:40.515654",
      "2024-10-05T23:49:40.515680",
      "2024-10-05T23:49:40.515886",
      "2024-10-05T23:49:40.515979",
      "2024-10-05T23:49:40.516078",
      "2024-10-05T23:49:40.516195",
      "2024-10-05T23:49:40.516241",
      "2024-10-05T23:49:40.516434",
      "2024-10-05T23:49:40.516533",
      "2024-10-05T23:49:40.516623",
      "2024-10-05T23:49:40.516769",
      "2024-10-05T23:49:40.518900",
      "2024-10-05T23:49:40.518999",
      "2024-10-05T23:49:40.519077",
      "2024-10-05T23:49:40.519268",
      "2024-10-05T23:49:40.519515",
      "2024-10-05T23:49:40.519631",
      "2024-10-05T23:49:40.519910",
      "2024-10-05T23:49:40.519973",
      "2024-10-05T23:49:40.520097",
      "2024-10-05T23:49:40.520260",
      "2024-10-05T23:49:40.520469",
      "2024-10-05T23:49:40.520531",
      "2024-10-05T23:49:40.520668",
      "2024-10-05T23:49:40.520876",
      "2024-10-05T23:49:40.521212",
      "2024-10-05T23:49:40.521357",
      "2024-10-05T23:49:40.521484",
      "2024-10-05T23:49:40.521559",
      "2024-10-05T23:49:40.521787",
      "2024-10-05T23:49:40.521862",
      "2024-10-05T23:49:40.522091",
      "2024-10-05T23:49:40.522130",
      "2024-10-05T23:49:40.522342",
      "2024-10-05T23:49:40.522390",
      "2024-10-05T23:49:40.522429",
      "2024-10-05T23:49:40.522632",
      "2024-10-05T23:49:40.522726",
      "2024-10-05T23:49:40.522916",
      "2024-10-05T23:49:40.522966",
      "2024-10-05T23:49:40.523127",
      "2024-10-05T23:49:40.523382",
      "2024-10-05T23:49:40.525308",
      "2024-10-05T23:49:40.525842",
      "2024-10-05T23:49:40.525917",
      "2024-10-05T23:49:40.526273",
      "2024-10-05T23:49:40.526377",
      "2024-10-05T23:49:40.526504",
      "2024-10-05T23:49:40.526702",
      "2024-10-05T23:49:40.526805",
      "2024-10-05T23:49:40.526945",
      "2024-10-05T23:49:40.527057",
      "2024-10-05T23:49:40.527393",
      "2024-10-05T23:49:40.527583",
      "2024-10-05T23:49:40.527710",
      "2024-10-05T23:49:40.527933",
      "2024-10-05T23:49:40.528002",
      "2024-10-05T23:49:40.528168",
      "2024-10-05T23:49:40.528193",
      "2024-10-05T23:49:40.552510",
      "2024-10-05T23:49:40.552867",
      "2024-10-05T23:49:40.553006",
      "2024-10-05T23:49:40.553139",
      "2024-10-05T23:49:40.553260",
      "2024-10-05T23:49:40.553442",
      "2024-10-05T23:49:40.553522",
      "2024-10-05T23:49:40.553662",
      "2024-10-05T23:49:40.553979",
      "2024-10-05T23:49:40.554355",
      "2024-10-05T23:49:40.554563",
      "2024-10-05T23:49:40.556688",
      "2024-10-05T23:49:40.556769",
      "2024-10-05T23:49:40.557209",
      "2024-10-05T23:49:40.557252",
      "2024-10-05T23:49:40.557422",
      "2024-10-05T23:49:40.557679",
      "2024-10-05T23:49:40.557802",
      "2024-10-05T23:49:40.557864",
      "2024-10-05T23:49:40.558060",
      "2024-10-05T23:49:40.558176",
      "2024-10-05T23:49:40.558272",
      "2024-10-05T23:49:40.558430",
      "2024-10-05T23:49:40.558468",
      "2024-10-05T23:49:40.558708",
      "2024-10-05T23:49:40.558954",
      "2024-10-05T23:49:40.558992",
      "2024-10-05T23:49:40.559104",
      "2024-10-05T23:49:40.559286",
      "2024-10-05T23:49:40.559387",
      "2024-10-05T23:49:40.559474",
      "2024-10-05T23:49:40.559728",
      "2024-10-05T23:49:40.559850",
      "2024-10-05T23:49:40.560001",
      "2024-10-05T23:49:40.560041",
      "2024-10-05T23:49:40.560187",
      "2024-10-05T23:49:40.560288",
      "2024-10-05T23:49:40.560536",
      "2024-10-05T23:49:40.560699",
      "2024-10-05T23:49:40.560739",
      "2024-10-05T23:49:40.560878",
      "2024-10-05T23:49:40.561002",
      "2024-10-05T23:49:40.561125",
      "2024-10-05T23:49:40.563009",
      "2024-10-05T23:49:40.563076",
      "2024-10-05T23:49:40.563367",
      "2024-10-05T23:49:40.563407",
      "2024-10-05T23:49:40.563558",
      "2024-10-05T23:49:40.563773",
      "2024-10-05T23:49:40.563851",
      "2024-10-05T23:49:40.564034",
      "2024-10-05T23:49:40.564256",
      "2024-10-05T23:49:40.564458",
      "2024-10-05T23:49:40.564521",
      "2024-10-05T23:49:40.564620",
      "2024-10-05T23:49:40.564701",
      "2024-10-05T23:49:40.564864",
      "2024-10-05T23:49:40.564966",
      "2024-10-05T23:49:40.565045",
      "2024-10-05T23:49:40.565145",
      "2024-10-05T23:49:40.565405",
      "2024-10-05T23:49:40.565431",
      "2024-10-05T23:49:40.565582",
      "2024-10-05T23:49:40.565681",
      "2024-10-05T23:49:40.565857",
      "2024-10-05T23:49:40.565949",
      "2024-10-05T23:49:40.566011",
      "2024-10-05T23:49:40.566133",
      "2024-10-05T23:49:40.566357",
      "2024-10-05T23:49:40.566508",
      "2024-10-05T23:49:40.566728",
      "2024-10-05T23:49:40.566795",
      "2024-10-05T23:49:40.566934",
      "2024-10-05T23:49:40.567080",
      "2024-10-05T23:49:40.567255",
      "2024-10-05T23:49:40.567317",
      "2024-10-05T23:49:40.567495",
      "2024-10-05T23:49:40.567608",
      "2024-10-05T23:49:40.567881",
      "2024-10-05T23:49:40.569795",
      "2024-10-05T23:49:40.569947",
      "2024-10-05T23:49:40.570024",
      "2024-10-05T23:49:40.570125",
      "2024-10-05T23:49:40.570242",
      "2024-10-05T23:49:40.570491",
      "2024-10-05T23:49:40.570672",
      "2024-10-05T23:49:40.570869",
      "2024-10-05T23:49:40.570932",
      "2024-10-05T23:49:40.571048",
      "2024-10-05T23:49:40.571245",
      "2024-10-05T23:49:40.571296",
      "2024-10-05T23:49:40.571585",
      "2024-10-05T23:49:40.571686",
      "2024-10-05T23:49:40.571773",
      "2024-10-05T23:49:40.571943",
      "2024-10-05T23:49:40.572130",
      "2024-10-05T23:49:40.572269",
      "2024-10-05T23:49:40.572394",
      "2024-10-05T23:49:40.572592",
      "2024-10-05T23:49:40.572642",
      "2024-10-05T23:49:40.572681",
      "2024-10-05T23:49:40.572850",
      "2024-10-05T23:49:40.573055",
      "2024-10-05T23:49:40.573242",
      "2024-10-05T23:49:40.573383",
      "2024-10-05T23:49:40.573499",
      "2024-10-05T23:49:40.573925",
      "2024-10-05T23:49:40.573975",
      "2024-10-05T23:49:40.574115",
      "2024-10-05T23:49:40.574276",
      "2024-10-05T23:49:40.574333",
      "2024-10-05T23:49:40.574469",
      "2024-10-05T23:49:40.574630",
      "2024-10-05T23:49:40.574827",
      "2024-10-05T23:49:40.574947",
      "2024-10-05T23:49:40.575093",
      "2024-10-05T23:49:40.577106",
      "2024-10-05T23:49:40.577219",
      "2024-10-05T23:49:40.577307",
      "2024-10-05T23:49:40.577496",
      "2024-10-05T23:49:40.577666",
      "2024-10-05T23:49:40.577808",
      "2024-10-05T23:49:40.577911",
      "2024-10-05T23:49:40.578192",
      "2024-10-05T23:49:40.578404",
      "2024-10-05T23:49:40.578528",
      "2024-10-05T23:49:40.578708",
      "2024-10-05T23:49:40.578871",
      "2024-10-05T23:49:40.578950",
      "2024-10-05T23:49:40.579038",
      "2024-10-05T23:49:40.579211",
      "2024-10-05T23:49:40.579341",
      "2024-10-05T23:49:40.579467",
      "2024-10-05T23:49:40.579592",
      "2024-10-05T23:49:40.579729",
      "2024-10-05T23:49:40.579899",
      "2024-10-05T23:49:40.580003",
      "2024-10-05T23:49:40.580189",
      "2024-10-05T23:49:40.580264",
      "2024-10-05T23:49:40.580331",
      "2024-10-05T23:49:40.580571",
      "2024-10-05T23:49:40.580633",
      "2024-10-05T23:49:40.580777",
      "2024-10-05T23:49:40.581034",
      "2024-10-05T23:49:40.581212",
      "2024-10-05T23:49:40.581404",
      "2024-10-05T23:49:40.581502",
      "2024-10-05T23:49:40.581691",
      "2024-10-05T23:49:40.583589",
      "2024-10-05T23:49:40.583824",
      "2024-10-05T23:49:40.583937",
      "2024-10-05T23:49:40.584127",
      "2024-10-05T23:49:40.584433",
      "2024-10-05T23:49:40.584690",
      "2024-10-05T23:49:40.584852",
      "2024-10-05T23:49:40.584913",
      "2024-10-05T23:49:40.584988",
      "2024-10-05T23:49:40.585091",
      "2024-10-05T23:49:40.585279",
      "2024-10-05T23:49:40.585463",
      "2024-10-05T23:49:40.585632",
      "2024-10-05T23:49:40.585835",
      "2024-10-05T23:49:40.585983",
      "2024-10-05T23:49:40.586157",
      "2024-10-05T23:49:40.586270",
      "2024-10-05T23:49:40.586470",
      "2024-10-05T23:49:40.586620",
      "2024-10-05T23:49:40.586760",
      "2024-10-05T23:49:40.587068",
      "2024-10-05T23:49:40.587205",
      "2024-10-05T23:49:40.587485",
      "2024-10-05T23:49:40.587659",
      "2024-10-05T23:49:40.587851",
      "2024-10-05T23:49:40.588042",
      "2024-10-05T23:49:40.588152",
      "2024-10-05T23:49:40.588254",
      "2024-10-05T23:49:40.588331",
      "2024-10-05T23:49:40.588629",
      "2024-10-05T23:49:40.588798",
      "2024-10-05T23:49:40.588877",
      "2024-10-05T23:49:40.590837",
      "2024-10-05T23:49:40.591001",
      "2024-10-05T23:49:40.591118",
      "2024-10-05T23:49:40.591269",
      "2024-10-05T23:49:40.591348",
      "2024-10-05T23:49:40.591613",
      "2024-10-05T23:49:40.591735",
      "2024-10-05T23:49:40.591762",
      "2024-10-05T23:49:40.591991",
      "2024-10-05T23:49:40.592151",
      "2024-10-05T23:49:40.592236",
      "2024-10-05T23:49:40.592404",
      "2024-10-05T23:49:40.592609",
      "2024-10-05T23:49:40.593174",
      "2024-10-05T23:49:40.593250",
      "2024-10-05T23:49:40.593315",
      "2024-10-05T23:49:40.593575",
      "2024-10-05T23:49:40.593704",
      "2024-10-05T23:49:40.593743",
      "2024-10-05T23:49:40.593880",
      "2024-10-05T23:49:40.593969",
      "2024-10-05T23:49:40.594155",
      "2024-10-05T23:49:40.594231",
      "2024-10-05T23:49:40.594362",
      "2024-10-05T23:49:40.594475",
      "2024-10-05T23:49:40.594551",
      "2024-10-05T23:49:40.594744",
      "2024-10-05T23:49:40.594843",
      "2024-10-05T23:49:40.594967",
      "2024-10-05T23:49:40.595171",
      "2024-10-05T23:49:40.595366",
      "2024-10-05T23:49:40.595569",
      "2024-10-05T23:49:40.595691",
      "2024-10-05T23:49:40.595815",
      "2024-10-05T23:49:40.596028",
      "2024-10-05T23:49:40.598077",
      "2024-10-05T23:49:40.598291",
      "2024-10-05T23:49:40.598343",
      "2024-10-05T23:49:40.598482",
      "2024-10-05T23:49:40.598645",
      "2024-10-05T23:49:40.598671",
      "2024-10-05T23:49:40.598835",
      "2024-10-05T23:49:40.598934",
      "2024-10-05T23:49:40.599126",
      "2024-10-05T23:49:40.599290",
      "2024-10-05T23:49:40.599415",
      "2024-10-05T23:49:40.599576",
      "2024-10-05T23:49:40.599750",
      "2024-10-05T23:49:40.599940",
      "2024-10-05T23:49:40.600068",
      "2024-10-05T23:49:40.600224",
      "2024-10-05T23:49:40.600262",
      "2024-10-05T23:49:40.600534",
      "2024-10-05T23:49:40.600665",
      "2024-10-05T23:49:40.600728",
      "2024-10-05T23:49:40.600767",
      "2024-10-05T23:49:40.600905",
      "2024-10-05T23:49:40.601030",
      "2024-10-05T23:49:40.601107",
      "2024-10-05T23:49:40.601234",
      "2024-10-05T23:49:40.601372",
      "2024-10-05T23:49:40.601616",
      "2024-10-05T23:49:40.601812",
      "2024-10-05T23:49:40.601838",
      "2024-10-05T23:49:40.602027",
      "2024-10-05T23:49:40.602080",
      "2024-10-05T23:49:40.602285",
      "2024-10-05T23:49:40.602327",
      "2024-10-05T23:49:40.602441",
      "2024-10-05T23:49:40.602577",
      "2024-10-05T23:49:40.602652",
      "2024-10-05T23:49:40.602798",
      "2024-10-05T23:49:40.602992",
      "2024-10-05T23:49:40.603074",
      "2024-10-05T23:49:40.603155",
      "2024-10-05T23:49:40.603242"
    ],
    "values": [
      0,
      0,
      0,
      0,
      0,
      0,
      0,
      0,
      0,
      0,
      0,
      0,
      0,
      0,
      0,
      0,
      0,
      0,
      0,
      0,
      0,
      0,
      0,
      0,
      0,
      0,
      0,
      0,
      0,
      0,
      1,
      1,
      1,
      1,
      1,
      1,
      1,
      1,
      1,
      1,
      1,
      1,
      1,
      1,
      1,
      1,
      1,
      1,
      1,
      1,
      1,
      1,
      1,
      1,
      1,
      1,
      1,
      1,
      1,
      1,
      1,
      1,
      1,
      1,
      1,
      1,
      1,
      1,
      1,
      1,
      1,
      1,
      1,
      1,
      1,
      1,
      1,
      2,
      2,
      2,
      2,
      2,
      2,
      2,
      2,
      2,
      2,
      2,
      2,
      2,
      2,
      2,
      2,
      2,
      2,
      2,
      2,
      2,
      2,
      2,
      2,
      2,
      3,
      3,
      3,
      3,
      3,
      3,
      3,
      3,
      3,
      3,
      3,
      3,
      3,
      3,
      3,
      3,
      3,
      3,
      4,
      4,
      4,
      4,
      4,
      4,
      4,
      4,
      4,
      4,
      4,
      4,
      4,
      4,
      4,
      4,
      4,
      4,
      4,
      4,
      4,
      4,
      4,
      4,
      4,
      4,
      4,
      4,
      4,
      4,
      5,
      5,
      5,
      5,
      5,
      5,
      5,
      5,
      5,
      5,
      5,
      5,
      5,
      5,
      5,
      5,
      5,
      5,
      5,
      5,
      5,
      5,
      5,
      5,
      5,
      5,
      5,
      5,
      5,
      5,
      5,
      5,
      5,
      5,
      5,
      5,
      5,
      5,
      5,
      5,
      5,
      5,
      5,
      5,
      5,
      5,
      5,
      5,
      5,
      5,
      5,
      5,
      5,
      5,
      5,
      5,
      5,
      5,
      5,
      5,
      5,
      5,
      5,
      5,
      5,
      5,
      5,
      5,
      5,
      5,
      5,
      5,
      5,
      5,
      5,
      5,
      5,
      5,
      5,
      5,
      5,
      5,
      5,
      5,
      5,
      5,
      5,
      5,
      5,
      5,
      5,
      5,
      5,
      5,
      5,
      5,
      5,
      5,
      5,
      5,
      5,
      5,
      5,
      5,
      5,
      5,
      5,
      5,
      5,
      5,
      5,
      5,
      5,
      5,
      5,
      5,
      5,
      5,
      5,
      5,
      5,
      5,
      5,
      5,
      5,
      5,
      5,
      5,
      5,
      5,
      5,
      5,
      5,
      5,
      5,
      5,
      5,
      5,
      5,
      5,
      5,
      5,
      5,
      6,
      6,
      7,
      7,
      7,
      7,
      7,
      7,
      7,
      7,
      7,
      7,
      7,
      7,
      7,
      7,
      7,
      7,
      7,
      7,
      7,
      7,
      7,
      7,
      7,
      7,
      7,
      7,
      7,
      7,
      7,
      7,
      7,
      7,
      7,
      7,
      7,
      7,
      7,
      7,
      7,
      7,
      7,
      7,
      7,
      7,
      7,
      7,
      7,
      7,
      7,
      7,
      7,
      7,
      7,
      7,
      7,
      7,
      7,
      7,
      7,
      7,
      7,
      7,
      7,
      7,
      7,
      7,
      7,
      7,
      7,
      7,
      7,
      7,
      7,
      7,
      7,
      7,
      7,
      7,
      7,
      7,
      7,
      7,
      7,
      7,
      7,
      7,
      7,
      7,
      7,
      7,
      7,
      7,
      7,
      7,
      7,
      7,
      7,
      7,
      7,
      7,
      7,
      7,
      7,
      7,
      7,
      7,
      7,
      7,
      7,
      7,
      7,
      7,
      7,
      7,
      7,
      7,
      7,
      7,
      7,
      7,
      7,
      7,
      7,
      7,
      7,
      7,
      7,
      7,
      7,
      7,
      7,
      7,
      7,
      7,
      7,
      7,
      7,
      7,
      7,
      7,
      7,
      7,
      7,
      7,
      7,
      7,
      7,
      7,
      7,
      7,
      7,
      7,
      7,
      7,
      7,
      7,
      7,
      7,
      7,
      7,
      7,
      7,
      7,
      7,
      7,
      7,
      7,
      7,
      7,
      7,
      7,
      7,
      7,
      7,
      7,
      7,
      7,
      7,
      7,
      7,
      7,
      7,
      7,
      7,
      7,
      7,
      7,
      7,
      7,
      7,
      7,
      7,
      7,
      7,
      7,
      7,
      7,
      7,
      7,
      7,
      7,
      7,
      7,
      7,
      7,
      7,
      7,
      7,
      7,
      7,
      7,
